Enregistrement d'un squelette Kinect
[-0.08268388,0.39378077,2.3849943,-0.07747972,0.46488628,2.3906925,-0.041420955,0.8217648,2.3902414,-0.0982021,1.0072107,2.324096,-0.22484256,0.680336,2.3959086,-0.32646623,0.42046407,2.4085643,-0.34511626,0.19815198,2.4262955,-0.36021823,0.12894236,2.4408567,0.12252418,0.70710313,2.3885808,0.21237965,0.49544078,2.4208755,0.082176164,0.35191873,2.293339,0.059347346,0.30552548,2.2779553,-0.17529248,0.31730086,2.385361,-0.14322884,-0.12704496,2.4627597,-0.093470596,-0.473062,2.4737957,-0.1391973,-0.53752893,2.5200875,-0.0036899166,0.31422228,2.3800004,-0.0366726,-0.13932957,2.418189,-0.00712927,-0.47091988,2.4599993,0.042495705,-0.52240056,2.4437094]
[2,2,2,1,2,2,2,2,2,2,2,1,2,2,2,2,2,2,2,2]
[-0.07973904,0.38827556,2.383428,-0.07355893,0.4597768,2.3900719,-0.034636147,0.8189206,2.3887186,-0.08432901,1.0058764,2.3273714,-0.212997,0.6754334,2.3902557,-0.31695205,0.41432253,2.408093,-0.30343026,0.19461733,2.447339,-0.31155127,0.14057949,2.4681544,0.128552,0.70387036,2.38832,0.2137935,0.49163622,2.4206808,0.061967343,0.3689191,2.257506,0.016968139,0.33101383,2.2136304,-0.1720444,0.31359497,2.3827138,-0.1457545,-0.12858088,2.4606886,-0.09416614,-0.4735511,2.4727328,-0.108650446,-0.5218688,2.4320295,-0.0031433154,0.308059,2.3788958,-0.034427542,-0.14051962,2.413411,-0.00561944,-0.47124752,2.4586916,0.043202277,-0.52275497,2.4415946]
[2,2,2,1,2,2,2,2,2,2,2,1,2,2,2,2,2,2,2,2]
[-0.077837616,0.38440648,2.3824296,-0.07096825,0.45622447,2.3897324,-0.029013319,0.8166639,2.3872812,-0.07301375,1.0049554,2.3298352,-0.20545444,0.67297006,2.3866615,-0.2995362,0.41853505,2.404061,-0.29539254,0.21601102,2.4499488,-0.27855816,0.12587307,2.4863129,0.13377233,0.7011749,2.3884497,0.2148544,0.48867306,2.4205961,0.05333652,0.37385985,2.2405427,2.7462654E-4,0.33720362,2.1862612,-0.16984837,0.31106877,2.3809593,-0.14766403,-0.12999406,2.4588764,-0.09475617,-0.47377717,2.4717011,-0.11040326,-0.5255987,2.4358084,-0.0031768237,0.3031489,2.3783839,-0.032629628,-0.14108695,2.4096231,-0.004545207,-0.47153664,2.457706,0.053543527,-0.5224758,2.4599516]
[2,2,2,1,2,2,2,1,2,2,2,1,2,2,2,2,2,2,2,2]
[-0.07654419,0.38182944,2.3817248,-0.06915615,0.45383087,2.3894699,-0.024652453,0.81505036,2.3859675,-0.064659774,1.0043719,2.3313792,-0.20028153,0.6717308,2.3842418,-0.28866526,0.4240211,2.4013648,-0.2863469,0.22686802,2.4543338,-0.26890528,0.13934198,2.4913218,0.13736734,0.69946057,2.3885229,0.21561128,0.48653224,2.42053,0.050474495,0.37578622,2.2318592,-0.009014331,0.34127706,2.1702082,-0.16820173,0.30935192,2.3796294,-0.14899443,-0.13112454,2.4573793,-0.09524013,-0.4738759,2.4708276,-0.096262686,-0.5167658,2.3956614,-0.00325063,0.29989767,2.3781016,-0.031218309,-0.14134431,2.4067092,-0.00378387,-0.4718511,2.4568777,0.054509893,-0.5231446,2.4610083]
[2,2,2,1,2,2,2,1,2,2,2,1,2,2,2,2,2,2,2,2]
[-0.07554413,0.37994778,2.3811934,-0.06772181,0.45204455,2.3892388,-0.021040656,0.8137995,2.3846383,-0.057553165,1.0039545,2.332212,-0.19657014,0.6711698,2.3825476,-0.2820689,0.42946267,2.3997977,-0.28243864,0.23754364,2.45734,-0.27256915,0.15815693,2.4897842,0.14013302,0.69821817,2.3885791,0.21626033,0.4850459,2.4204943,0.059173454,0.35424736,2.2342243,0.043964483,0.27282673,2.234573,-0.16685179,0.30809522,2.3786063,-0.14989676,-0.13204788,2.4561641,-0.09563473,-0.4738627,2.4700618,-0.11752674,-0.5258921,2.4356117,-0.0032905762,0.29761234,2.377935,-0.029764798,-0.14200099,2.4043105,-0.003229848,-0.47214073,2.4562476,0.05375264,-0.5242094,2.4587696]
[2,2,2,1,2,2,2,1,2,2,2,2,2,2,2,2,2,2,2,2]
[-0.0747674,0.3785858,2.3807976,-0.06661077,0.4507358,2.3890502,-0.018487258,0.81286895,2.383571,-0.05103717,1.0037757,2.3327444,-0.19375595,0.67123675,2.3812664,-0.27817273,0.43462864,2.3993177,-0.292039,0.24958041,2.4575088,-0.28463152,0.18512358,2.4844873,0.14237246,0.69726235,2.3886225,0.21690111,0.48401728,2.420552,0.065798864,0.34120506,2.2382483,0.048904132,0.25927067,2.2374446,-0.1657573,0.30719385,2.3778474,-0.15047675,-0.13280599,2.4551442,-0.09596289,-0.4737848,2.4693997,-0.10464846,-0.51857907,2.405378,-0.003260037,0.29599595,2.3778124,-0.028438067,-0.14237939,2.4024484,-0.0028187872,-0.4724172,2.455736,0.05196694,-0.52526826,2.4542532]
[2,2,2,1,2,2,2,1,2,2,2,2,2,2,2,2,2,2,2,2]
[-0.07415321,0.37759396,2.3804982,-0.065739475,0.44979072,2.3889034,-0.016638804,0.81228465,2.382792,-0.046082906,1.0036507,2.3327441,-0.1914235,0.6720636,2.380255,-0.2760398,0.43904543,2.3994553,-0.2997822,0.25658622,2.4572387,-0.29391858,0.2021745,2.4803462,0.1442698,0.696548,2.3886414,0.21747059,0.48321393,2.4205713,0.07067265,0.33316106,2.2416444,0.0635602,0.24303226,2.2558548,-0.16476955,0.30656242,2.3772542,-0.15081047,-0.13343461,2.4542983,-0.096248314,-0.4736484,2.4688263,-0.10081245,-0.5160366,2.3964632,-0.0032131835,0.29484403,2.377714,-0.027175756,-0.14250644,2.4010072,-0.0025352752,-0.47267288,2.4553337,0.04857117,-0.5264932,2.447144]
[2,2,2,1,2,2,2,1,2,2,2,2,2,2,2,2,2,2,2,2]
[-0.073684916,0.3768805,2.3802729,-0.06507216,0.4491178,2.3887894,-0.015276318,0.8119108,2.382178,-0.04197568,1.0035983,2.3324077,-0.1896363,0.67322713,2.3795228,-0.27508456,0.4426455,2.3998091,-0.3052786,0.26059845,2.4568105,-0.3050338,0.20785692,2.4776797,0.14587806,0.6960358,2.3886185,0.21810439,0.4825594,2.4205117,0.07432154,0.32867208,2.2442029,0.06957362,0.23609988,2.2632556,-0.16395846,0.30616114,2.376811,-0.1509636,-0.13396418,2.4536035,-0.096477315,-0.47350106,2.46835,-0.1286849,-0.5273201,2.4797688,-0.0031714807,0.2940101,2.3776355,-0.025707815,-0.14336154,2.4000602,-0.002322795,-0.47291368,2.455027,0.046188727,-0.52717173,2.4416857]
[2,2,2,1,2,2,2,2,2,2,2,2,2,2,2,2,2,2,2,2]
[-0.073296,0.37638766,2.3800948,-0.06452768,0.44866213,2.3886914,-0.0142672965,0.8116913,2.3816614,-0.038633592,1.0035002,2.331649,-0.18825091,0.6746501,2.3789835,-0.27473214,0.44539976,2.4002202,-0.3089584,0.26285976,2.4563468,-0.30918455,0.21113405,2.4765012,0.14731446,0.6958266,2.3885438,0.21873313,0.48209158,2.4203386,0.07707598,0.32624385,2.2462046,0.07329213,0.23301509,2.2681293,-0.1632161,0.30597675,2.3764677,-0.15096408,-0.13438848,2.4530127,-0.09666033,-0.47335756,2.4679677,-0.13641989,-0.5307483,2.5065136,-0.0031305018,0.29340965,2.3775823,-0.023964928,-0.14465165,2.3995588,-0.0021438792,-0.47314104,2.4547958,0.044345398,-0.52743554,2.436828]
[2,2,2,1,2,2,2,1,2,2,2,2,2,2,2,2,2,2,2,2]
[-0.072888955,0.37610513,2.3799322,-0.06399598,0.44841352,2.3885832,-0.013491533,0.8116329,2.3811765,-0.036065303,1.0034738,2.3308232,-0.1870849,0.6763979,2.3786092,-0.2746985,0.44748083,2.4006407,-0.31074643,0.2642078,2.456073,-0.31184313,0.2128277,2.4755013,0.14855999,0.6957778,2.3884366,0.21941502,0.48185632,2.4200354,0.079331174,0.3251758,2.2478573,0.07549307,0.23200175,2.2710934,-0.16235007,0.30602783,2.376189,-0.15075961,-0.13473828,2.4524748,-0.09680689,-0.47321787,2.4676502,-0.13997272,-0.53241384,2.5164697,-0.003056827,0.29301143,2.377551,-0.02216032,-0.14588141,2.3993526,-0.0019888866,-0.47336054,2.4546278,0.043113366,-0.5276169,2.4334474]
[2,2,2,1,2,2,2,1,2,2,2,1,2,2,2,2,2,2,2,2]
[-0.07240176,0.37599435,2.3797662,-0.063421726,0.44833854,2.3884656,-0.012877142,0.81175774,2.3807378,-0.03420432,1.0034741,2.3299038,-0.18627305,0.6779498,2.3783884,-0.27482438,0.44908363,2.4010084,-0.31246245,0.2643459,2.4546745,-0.31419903,0.2127432,2.4736927,0.14960389,0.6958518,2.388298,0.2201365,0.48175514,2.4195054,0.08105383,0.32482335,2.2492836,0.07630867,0.2332543,2.2725945,-0.16143963,0.30617929,2.3759704,-0.15038213,-0.13500445,2.4519935,-0.096937664,-0.47309485,2.467382,-0.14207438,-0.5329113,2.521587,-0.0028404628,0.29282287,2.3775048,-0.020134464,-0.14696383,2.3994834,-0.0018196406,-0.47357753,2.4545116,0.04253883,-0.52780664,2.4318554]
[2,2,2,1,2,2,2,1,2,2,2,1,2,2,2,2,2,2,2,2]
[-0.071913965,0.3759978,2.379612,-0.06287969,0.44837323,2.3883493,-0.01242828,0.81198484,2.3803163,-0.03278314,1.0035292,2.3290343,-0.18567742,0.6792499,2.3782368,-0.27498063,0.4502558,2.401308,-0.31377524,0.26391056,2.453124,-0.31601638,0.21174963,2.471889,0.15047164,0.69606537,2.3880713,0.22115777,0.48238868,2.4186845,0.08234481,0.32492718,2.2504873,0.07609868,0.23586401,2.2729692,-0.16058914,0.30638632,2.3758154,-0.14986128,-0.13517646,2.4515634,-0.09704151,-0.4729866,2.4671607,-0.14216448,-0.5324675,2.5199296,-0.0025354454,0.2928067,2.3774462,-0.017707568,-0.14650446,2.3999124,-0.0016770625,-0.4737719,2.454426,0.04211996,-0.5279384,2.4306614]
[2,2,2,1,2,2,2,1,2,2,2,1,2,2,2,2,2,2,2,2]
[-0.071434535,0.37608054,2.3794699,-0.06237982,0.44848138,2.388243,-0.012119715,0.8122771,2.3799398,-0.031722512,1.0036172,2.328252,-0.18524368,0.6803057,2.3781247,-0.27520418,0.4511109,2.4015634,-0.31466794,0.26321104,2.451756,-0.31431326,0.1913134,2.4669137,0.15114467,0.69634587,2.3878121,0.22207502,0.48319155,2.4177723,0.083295204,0.32533866,2.2514985,0.075272836,0.23905134,2.272655,-0.15972565,0.30664957,2.375692,-0.1492836,-0.13526721,2.4512005,-0.09712979,-0.47289097,2.4669778,-0.14050317,-0.5322626,2.5107722,-0.0021917257,0.2929099,2.3773878,-0.01527731,-0.14515436,2.4005754,-0.0015481737,-0.47395018,2.4543588,0.041756187,-0.5280541,2.4296286]
[2,2,2,1,2,2,2,2,2,2,2,1,2,2,2,2,2,2,2,2]
[-0.07092312,0.37632525,2.3793144,-0.0618963,0.44871354,2.3881273,-0.011956009,0.81262153,2.3795786,-0.030927757,1.0037371,2.3275456,-0.18504979,0.6814092,2.3781152,-0.27551085,0.45169067,2.4017968,-0.31533343,0.2621892,2.450408,-0.3133789,0.18041492,2.4642072,0.15165754,0.6966425,2.3875651,0.22288048,0.4839703,2.4170241,0.08399471,0.32563823,2.252346,0.07504395,0.24366766,2.2714322,-0.15890081,0.3070031,2.3755932,-0.14852965,-0.13521317,2.450873,-0.09720512,-0.472807,2.466822,-0.13831021,-0.53213656,2.5047197,-0.0017497828,0.2932265,2.3772974,-0.0129479775,-0.14293478,2.4014728,-0.001435788,-0.4740784,2.4542942,0.041726917,-0.52807283,2.4291375]
[2,2,2,1,2,2,2,2,2,2,2,2,2,2,2,2,2,2,2,2]
[-0.07020691,0.3767196,2.3791006,-0.06132849,0.44905972,2.3879824,-0.011937957,0.8130752,2.3792202,-0.03042872,1.0038993,2.326892,-0.1850778,0.68249196,2.378159,-0.27610633,0.45201227,2.4021506,-0.31676993,0.260796,2.4488416,-0.32033592,0.18816149,2.4552393,0.15202178,0.6969547,2.3873277,0.22356589,0.48472676,2.4163914,0.086586244,0.33683446,2.2541811,0.078857884,0.25887725,2.269315,-0.15793887,0.3073837,2.3754673,-0.14772533,-0.1350618,2.4506323,-0.09726714,-0.4727406,2.466701,-0.11070543,-0.520248,2.429346,-6.70717E-4,0.29394847,2.3770583,-0.0112088295,-0.140609,2.4025252,-0.0013277838,-0.4741806,2.4542325,0.04168645,-0.52809656,2.4287522]
[2,2,2,1,2,2,2,2,2,2,2,1,2,2,2,2,2,2,2,2]
[-0.0692227,0.3774783,2.3788576,-0.060652923,0.4496673,2.3878314,-0.012369657,0.8138732,2.3788307,-0.030435873,1.0041766,2.3260648,-0.18535878,0.6836079,2.378262,-0.2781293,0.45233974,2.4032526,-0.33013746,0.25954333,2.4440067,-0.34464863,0.20932962,2.4398382,0.15207244,0.6976323,2.38705,0.22458081,0.48754746,2.415789,0.08767215,0.33973536,2.2552614,0.08197125,0.26671696,2.2691507,-0.15664527,0.30806127,2.3753114,-0.14674582,-0.13470773,2.4504786,-0.09731131,-0.47268274,2.4665961,-0.0951303,-0.5136089,2.3873413,0.0010228036,0.29535022,2.3768077,-0.009950699,-0.1381812,2.403659,-0.0012230172,-0.47427085,2.4541776,0.04150918,-0.528201,2.4283793]
[2,2,2,1,2,2,2,2,2,2,2,2,2,2,2,2,2,2,2,2]
[-0.06809055,0.3788665,2.3786159,-0.059918128,0.45087352,2.3877022,-0.014007769,0.815773,2.378471,-0.031566434,1.0046464,2.3241522,-0.18752746,0.68568754,2.3789515,-0.28979293,0.45479774,2.4095197,-0.37196395,0.26511717,2.4279728,-0.40693033,0.20417775,2.420012,0.15178192,0.69870454,2.386974,0.22509453,0.49014702,2.4158084,0.08844196,0.3415551,2.2560208,0.08470572,0.26933777,2.2693021,-0.15546498,0.30886772,2.3751833,-0.14553031,-0.1339318,2.4504302,-0.09734436,-0.47264457,2.4665208,-0.08928603,-0.51117533,2.3715143,0.0030095144,0.29736,2.3765535,-0.008414407,-0.13450547,2.4055037,-0.0011283115,-0.4743229,2.454122,0.041530825,-0.5282647,2.4284148]
[2,2,2,1,2,2,2,2,2,2,2,2,2,2,2,2,2,2,2,2]
[-0.06686437,0.38169086,2.3785207,-0.059237033,0.45351171,2.387786,-0.017945115,0.8196201,2.3786156,-0.044810455,1.0042135,2.3180413,-0.19506904,0.69255596,2.3820457,-0.3121884,0.4623805,2.419336,-0.43541765,0.290256,2.4037974,-0.46314314,0.25583318,2.394764,0.14964402,0.701326,2.3871598,0.22511965,0.49407825,2.4167848,0.08907297,0.34292957,2.256601,0.08644278,0.27107045,2.2693732,-0.15420784,0.31043017,2.3752244,-0.14399344,-0.1323263,2.4505363,-0.09736828,-0.47261545,2.4664633,-0.085731484,-0.5096639,2.361682,0.0052662366,0.30097988,2.3763387,-0.0067109438,-0.13032089,2.4078233,-0.0010179504,-0.4743131,2.4540403,0.041860767,-0.5281673,2.4290912]
[2,2,2,1,2,2,2,2,2,2,2,1,2,2,2,2,2,2,2,2]
[-0.0658435,0.3848263,2.378607,-0.0588528,0.456595,2.3881319,-0.02540154,0.8250139,2.3796742,-0.054844793,1.0044651,2.312936,-0.20342666,0.69862026,2.385227,-0.3513702,0.4745382,2.4297721,-0.5089274,0.3292126,2.3771744,-0.5311766,0.31051493,2.3670912,0.1447718,0.70588756,2.3882344,0.22400767,0.5001092,2.4195037,0.08967712,0.34388807,2.2570877,0.089647815,0.2713374,2.2699142,-0.15310574,0.3120208,2.3753588,-0.14243723,-0.13046889,2.4508042,-0.097380385,-0.4725897,2.4664154,-0.084873654,-0.5092648,2.359495,0.0074030403,0.3050689,2.376318,-0.004606807,-0.12714829,2.4107673,-8.5101515E-4,-0.47428268,2.4539528,0.042124026,-0.5281031,2.4294739]
[2,2,2,1,2,2,2,2,2,2,2,2,2,2,2,2,2,2,2,2]
[-0.065087385,0.38895667,2.379076,-0.0589057,0.4606556,2.3889341,-0.033240177,0.8299229,2.3810644,-0.06684138,1.004226,2.3078804,-0.21644112,0.70428514,2.3904936,-0.39001164,0.4941784,2.433719,-0.5769659,0.3880729,2.3514497,-0.6314478,0.3635457,2.3342245,0.1381061,0.71220213,2.390419,0.21658406,0.52988386,2.428726,0.09146618,0.34812787,2.25827,0.09270492,0.27419573,2.2707236,-0.15222658,0.3136437,2.3755817,-0.14084744,-0.12859555,2.451257,-0.0973896,-0.4725729,2.4663832,-0.08669235,-0.5099701,2.3641193,0.009559818,0.3100844,2.3768492,-0.001045527,-0.12579596,2.4151483,-5.238974E-4,-0.4741923,2.4538696,0.042329997,-0.5280286,2.4296148]
[2,2,2,1,2,2,2,2,2,2,2,1,2,2,2,2,2,2,2,2]
[-0.06495773,0.39400792,2.3800535,-0.059848133,0.4658965,2.3904543,-0.044736367,0.83593684,2.3837373,-0.08044232,1.00372,2.302756,-0.2406527,0.71133155,2.4005623,-0.43991262,0.53013456,2.4270864,-0.6408555,0.44941708,2.3350816,-0.67935556,0.44819835,2.3331141,0.12794293,0.7191745,2.3932,0.21250074,0.5456768,2.4327533,0.094847925,0.34941164,2.261641,0.09702166,0.27503055,2.2733247,-0.15166125,0.31552896,2.3760552,-0.13921812,-0.12691067,2.451878,-0.09739524,-0.47256008,2.4663591,-0.08982147,-0.51100814,2.3709397,0.011303884,0.31524783,2.3777063,0.004727362,-0.1261241,2.421097,9.317959E-4,-0.47399828,2.4539614,0.04261345,-0.52787274,2.4290032]
[2,2,2,1,2,2,2,2,2,2,2,1,2,2,2,2,2,2,2,2]
[-0.065425225,0.3999179,2.381578,-0.061911333,0.47209895,2.3927042,-0.066598475,0.84336454,2.3880937,-0.089894705,1.0043504,2.2991726,-0.25985152,0.71604663,2.407346,-0.48293975,0.5748908,2.414999,-0.69358754,0.522776,2.3269181,-0.7685822,0.5223159,2.3196845,0.1177125,0.7254494,2.3962367,0.2099293,0.5566983,2.435196,0.09862347,0.35006624,2.2655537,0.101365544,0.27536494,2.2763948,-0.15133204,0.31755942,2.3767993,-0.13746743,-0.1254059,2.4527268,-0.09723587,-0.47251865,2.466455,-0.09173495,-0.51184416,2.3780563,0.013192498,0.3212721,2.3790655,0.012096798,-0.12781377,2.4271593,0.004199394,-0.4735439,2.4540243,0.0429838,-0.5276878,2.4273813]
[2,2,2,1,2,2,2,2,2,2,2,1,2,2,2,2,2,2,2,2]
[-0.06665803,0.40606543,2.3835964,-0.065088056,0.47826263,2.3952887,-0.086107284,0.84635234,2.3903933,-0.10070454,1.005094,2.2967935,-0.2764632,0.71994466,2.411843,-0.52910495,0.61380297,2.4017885,-0.7501068,0.6132299,2.3292303,-0.821893,0.61974084,2.324941,0.10668158,0.73193204,2.399623,0.2084505,0.5633292,2.4367583,0.102886565,0.35066664,2.2708895,0.0891015,0.27821454,2.2525465,-0.15132214,0.31980374,2.3780332,-0.13484325,-0.12533255,2.4547837,-0.096973084,-0.47237763,2.4667275,-0.09305238,-0.51222336,2.384115,0.014764859,0.32729915,2.3808699,0.020296717,-0.13025,2.432051,0.014691714,-0.4718206,2.4545095,0.051064037,-0.5259117,2.4207084]
[2,2,2,1,2,2,2,2,2,2,2,2,2,2,2,2,2,2,2,2]
[-0.070778675,0.41782698,2.3884442,-0.07225609,0.48872116,2.4001558,-0.108542375,0.8483217,2.3931305,-0.10677891,1.0058098,2.295492,-0.3174326,0.7273401,2.4198904,-0.56002784,0.64615303,2.390129,-0.76756614,0.7003221,2.3420744,-0.8525011,0.7042116,2.3359354,0.09465715,0.73902684,2.4037097,0.20567279,0.5731024,2.4393446,0.10126566,0.38557252,2.2814221,0.10248595,0.32068425,2.2597423,-0.15253858,0.3236196,2.3807352,-0.13213755,-0.12556753,2.457005,-0.09634853,-0.47150305,2.4677167,-0.09399253,-0.51143134,2.3899617,0.016854363,0.33711728,2.3853896,0.043870524,-0.1252266,2.4340408,0.06063102,-0.46358147,2.447213,0.09772384,-0.51737046,2.3999867]
[2,2,2,1,2,2,2,2,2,2,2,2,2,2,2,2,2,2,2,2]
[-0.07375505,0.42665464,2.3922992,-0.077559724,0.4965718,2.403832,-0.121400125,0.8501055,2.3948183,-0.11921831,1.0059963,2.293385,-0.33452863,0.73048186,2.422694,-0.57454675,0.6733387,2.3835347,-0.76446927,0.7607343,2.3482037,-0.8506475,0.7805487,2.352106,0.082990386,0.74651617,2.4076595,0.2025955,0.58056515,2.441188,0.086864196,0.44070968,2.2848692,0.10643425,0.36728105,2.271906,-0.15353027,0.3272681,2.3835673,-0.12817428,-0.12621334,2.459896,-0.0954589,-0.46962005,2.4697032,-0.09443627,-0.5097634,2.3955264,0.01842591,0.3458977,2.3898735,0.07418494,-0.11968101,2.430121,0.12205172,-0.45303175,2.4330506,0.16738907,-0.5078039,2.3877506]
[2,2,2,1,2,2,2,2,2,2,2,2,2,2,2,2,2,2,2,2]
[-0.075922266,0.43261307,2.3951988,-0.08143023,0.50195247,2.4063818,-0.13069254,0.85159844,2.3954926,-0.14123034,1.0069232,2.2924325,-0.34725827,0.7323202,2.4231277,-0.58175987,0.69709146,2.380796,-0.76496077,0.8332148,2.3585792,-0.8485341,0.8612374,2.352123,0.055369925,0.76247245,2.4102461,0.19698545,0.5891503,2.4430923,0.07834457,0.4772216,2.292259,0.10177393,0.40651694,2.279461,-0.15441644,0.33067814,2.386608,-0.12398157,-0.12584254,2.4626698,-0.09451905,-0.46715125,2.4720645,-0.0945536,-0.5078006,2.4000537,0.019277304,0.352758,2.394027,0.11748965,-0.11170023,2.4190373,0.19033958,-0.4396527,2.4168136,0.25678432,-0.47999826,2.365089]
[2,2,2,1,2,2,2,2,2,2,2,2,2,2,2,2,2,2,2,2]
[-0.07852832,0.43773216,2.3978941,-0.08576632,0.5068174,2.408421,-0.13976161,0.8533932,2.395061,-0.1600493,1.0078324,2.2903237,-0.3621726,0.73582214,2.4215775,-0.6028585,0.74462044,2.383277,-0.7795713,0.9053822,2.3623164,-0.85655963,0.9507062,2.348346,0.043158684,0.7691202,2.4115171,0.18925169,0.59731686,2.4448977,0.072444394,0.49196565,2.294195,0.09745138,0.4211654,2.2799766,-0.15568134,0.33411062,2.3899043,-0.11904223,-0.12310317,2.4653234,-0.093716845,-0.4648341,2.4741235,-0.09446717,-0.5061103,2.403312,0.019074732,0.35814825,2.397648,0.16195336,-0.09435959,2.4063864,0.2590964,-0.40286142,2.39466,0.34617102,-0.43544185,2.358533]
[2,2,2,1,2,2,2,2,2,2,2,1,2,2,2,2,2,2,2,2]
[-0.08055917,0.4412795,2.3999178,-0.08907888,0.5101816,2.4096394,-0.14822188,0.8546825,2.393165,-0.18553151,1.0048705,2.2850444,-0.37340653,0.7387584,2.419414,-0.61837196,0.8108998,2.3913856,-0.7864736,0.959682,2.3651795,-0.8373939,0.97793925,2.3561506,0.03300941,0.7735062,2.41196,0.18309999,0.60430896,2.4460897,0.06551174,0.50044644,2.294008,0.091067195,0.43018213,2.2786071,-0.15670326,0.33699927,2.393,-0.11401909,-0.11936191,2.4676914,-0.09304241,-0.46299395,2.4757402,-0.09425954,-0.5048491,2.4056036,0.018572204,0.36207223,2.4006526,0.19314706,-0.07946543,2.3961241,0.33093625,-0.36288157,2.3770888,0.4269604,-0.39396003,2.355704]
[2,2,2,1,2,2,2,2,2,2,2,1,2,2,2,2,2,2,2,2]
[-0.082736954,0.4440431,2.401724,-0.09272778,0.512902,2.410408,-0.1591021,0.85556495,2.3895283,-0.19575125,1.0044096,2.2818036,-0.3810795,0.7414412,2.4170005,-0.63159615,0.8374745,2.397228,-0.796047,0.98133075,2.365277,-0.85096174,1.0250695,2.3547926,0.027391069,0.77589536,2.4124632,0.17588782,0.6105024,2.4470718,0.054383546,0.49066606,2.2929368,0.08131519,0.42771742,2.2764082,-0.15773724,0.33925712,2.3958428,-0.10824041,-0.11423977,2.4698994,-0.09242719,-0.46152246,2.4769866,-0.093869224,-0.5038353,2.4072595,0.017802075,0.36490676,2.403169,0.24343973,-0.05898533,2.3800871,0.4149269,-0.32008344,2.369015,0.50850827,-0.3426385,2.3566775]
[2,2,2,1,2,2,2,2,2,2,2,1,2,2,2,2,2,2,2,2]
[-0.08747057,0.44698948,2.404002,-0.099204816,0.51569784,2.4108129,-0.16987634,0.85578007,2.3859174,-0.20253478,1.0042915,2.27965,-0.39347026,0.750804,2.4138064,-0.6443969,0.8579212,2.4053695,-0.7991966,1.0064411,2.3672998,-0.8503749,1.0503455,2.356221,0.009810648,0.7748376,2.4080245,0.17105404,0.61422884,2.4477527,0.043746818,0.4700167,2.2942045,0.06991164,0.41548082,2.2753842,-0.1599927,0.34205526,2.399391,-0.10238868,-0.108648896,2.4716554,-0.091713265,-0.46042,2.4779506,-0.113034345,-0.52124006,2.4809337,0.013053637,0.3687789,2.4068854,0.2807615,-0.013459414,2.3647838,0.4894648,-0.2668333,2.3650317,0.49178746,-0.30680174,2.313096]
[2,2,2,1,2,2,1,1,2,2,2,1,2,2,2,2,2,2,2,2]
[-0.09553581,0.450927,2.4067328,-0.10815505,0.5188935,2.410999,-0.17917138,0.8553446,2.383101,-0.2138816,1.006088,2.2799854,-0.40208018,0.75877607,2.4115376,-0.65238076,0.91207194,2.4090889,-0.80791736,1.0214912,2.3680723,-0.8602298,1.0632911,2.3572307,5.135145E-4,0.77509314,2.4058092,0.15286958,0.6229149,2.4469635,0.03666389,0.45869452,2.2949371,0.060210608,0.40453476,2.2747297,-0.16459484,0.34549809,2.403674,-0.09465151,-0.10011218,2.472685,-0.09063375,-0.45935547,2.4786894,-0.12459888,-0.53172565,2.520365,0.004683217,0.37457958,2.4112175,0.30880755,0.03736218,2.3550115,0.52141196,-0.19629638,2.360711,0.51980895,-0.2367433,2.2925887]
[2,2,2,1,2,2,1,1,2,2,2,1,2,2,2,2,2,2,2,2]
[-0.116407186,0.4565619,2.411371,-0.12776858,0.5231967,2.411951,-0.18944415,0.85491633,2.381187,-0.22759001,1.0065919,2.2797563,-0.41123387,0.7686603,2.4101896,-0.65866566,0.93836564,2.4113286,-0.816099,1.0334969,2.3689597,-0.8697258,1.07369,2.3585167,-0.011097985,0.77629966,2.4029665,0.14149807,0.6245643,2.4455674,0.033074006,0.45531482,2.2952166,0.05371583,0.39855754,2.2740855,-0.18618242,0.35219687,2.4118202,-0.08858383,-0.0919781,2.473518,-0.087943085,-0.45817477,2.479197,-0.09258789,-0.5095795,2.443389,-0.018176101,0.3837394,2.4180558,0.32331738,0.067858584,2.3508885,0.5250607,-0.1512062,2.3515005,0.58231795,-0.17149602,2.3391674]
[2,2,2,1,2,2,1,1,2,2,1,1,2,2,2,2,2,2,2,2]
[-0.12732117,0.4587636,2.4137356,-0.13878372,0.5249007,2.4123607,-0.19880395,0.8544846,2.380029,-0.23797584,1.0066307,2.2792015,-0.4155224,0.77272725,2.4089355,-0.6603914,0.95250666,2.4126587,-0.8197679,1.0416597,2.369685,-0.87404644,1.0809555,2.3596485,-0.02475511,0.7784358,2.3993547,0.13232483,0.6277977,2.4441445,0.028235948,0.4518266,2.2945285,0.044791635,0.3916449,2.2722611,-0.19602159,0.35517302,2.4154565,-0.084416345,-0.08591559,2.4743736,-0.084838115,-0.4571596,2.479274,-0.08453959,-0.5057321,2.4322789,-0.030409977,0.38803244,2.4214716,0.3333358,0.12294909,2.3430378,0.60540247,-0.0815164,2.360548,0.6151819,-0.11898574,2.3143845]
[2,2,2,1,2,2,1,1,2,2,1,1,2,2,2,2,2,2,2,2]
[-0.13474336,0.45988163,2.4153008,-0.14679928,0.5255858,2.4126441,-0.20931,0.85219806,2.3795075,-0.24429536,1.0066726,2.2792563,-0.41493556,0.7824009,2.4047103,-0.659041,0.9607413,2.4132984,-0.8223652,1.0473888,2.3702636,-0.87745196,1.0852807,2.3607256,-0.029683629,0.77834857,2.3982,0.12438996,0.627162,2.4410605,0.02426323,0.44916707,2.293123,0.038195588,0.38651797,2.2699564,-0.20217897,0.35699308,2.417596,-0.081557654,-0.08173788,2.4751375,-0.082120426,-0.45642766,2.479231,-0.07368953,-0.49959975,2.409892,-0.03779455,0.39013872,2.42363,0.3613491,0.15845719,2.3402784,0.6268317,-0.018011786,2.367729,0.67265695,-0.038743157,2.3470962]
[2,2,2,1,2,2,1,1,2,2,1,1,2,2,2,2,2,2,2,2]
[-0.1496227,0.47036546,2.4157004,-0.15940948,0.53128743,2.4120715,-0.22096618,0.84846896,2.3792818,-0.2492778,1.0065336,2.2795663,-0.4426961,0.78911525,2.407842,-0.65981317,0.9693369,2.4136992,-0.8261042,1.0538294,2.3699763,-0.8820052,1.090555,2.3604178,-0.032883942,0.7784116,2.397546,0.11807559,0.6249246,2.4370234,0.020794544,0.44727018,2.2908096,0.033155244,0.38283667,2.2672205,-0.21097939,0.36148873,2.419591,-0.07949944,-0.0784739,2.4758184,-0.07988103,-0.45591763,2.4791327,-0.0694075,-0.49707186,2.4007578,-0.04446019,0.39358282,2.4242303,0.3707871,0.17666247,2.3399656,0.666273,0.042155124,2.3729992,0.6687662,-0.0069262777,2.3169293]
[2,2,2,1,2,2,1,1,2,2,1,1,2,2,2,2,2,2,2,2]
[-0.15685691,0.47555184,2.4158719,-0.16623336,0.5344679,2.4116728,-0.22822858,0.8461811,2.379324,-0.25243858,1.006338,2.279576,-0.45409667,0.785934,2.4076989,-0.6589505,0.9750986,2.4135163,-0.8280492,1.0580949,2.3697162,-0.8844212,1.0940602,2.3601525,-0.0342546,0.778265,2.3973813,0.11326314,0.6230377,2.4329226,0.01708708,0.44822064,2.2876587,0.02882887,0.3820389,2.2645085,-0.21617581,0.3640986,2.4208927,-0.0777992,-0.076321706,2.4764745,-0.07805225,-0.45547417,2.4790194,-0.06655335,-0.4954289,2.3952441,-0.04862518,0.3959862,2.4243834,0.35009304,0.2095929,2.3499255,0.63578755,0.067338176,2.3749332,0.7168293,0.07058752,2.3453252]
[2,2,2,1,2,2,1,1,2,2,1,1,2,2,2,2,2,2,2,2]
[-0.16102125,0.47847146,2.4159997,-0.17027597,0.5363127,2.4113805,-0.23221254,0.8435104,2.3786843,-0.25435796,1.0060937,2.279821,-0.46190858,0.78445166,2.4081361,-0.65461445,0.97810066,2.4124937,-0.8289752,1.0612346,2.3693824,-0.8857705,1.0965666,2.3599231,-0.034134045,0.7778304,2.3975441,0.11111467,0.62416315,2.4312358,0.0137920845,0.44910458,2.2842288,0.025195794,0.3815327,2.2616265,-0.21944849,0.36554465,2.4218004,-0.07584918,-0.07474349,2.4773235,-0.07639307,-0.45512787,2.4788947,-0.06464529,-0.4943724,2.3915572,-0.051342368,0.39761022,2.4243946,0.3469971,0.22167298,2.3549542,0.6331234,0.083294876,2.3754306,0.72746456,0.09765454,2.3536994]
[2,2,2,1,2,2,1,1,2,2,1,1,2,2,2,2,2,2,2,2]
[-0.16422942,0.48041043,2.4160125,-0.17434947,0.53775835,2.4108658,-0.23617424,0.8386378,2.3773398,-0.26160797,1.0014831,2.279025,-0.46895534,0.78407556,2.4069612,-0.64765364,0.97998226,2.410243,-0.8278767,1.0649899,2.367491,-0.8858547,1.0990888,2.358116,-0.032526996,0.7771585,2.3980699,0.10839414,0.6246838,2.4259095,0.00803015,0.45023924,2.2776668,0.019273072,0.3808492,2.2560608,-0.22312506,0.36526328,2.4219158,-0.06961337,-0.075239554,2.4807386,-0.07393327,-0.4546674,2.4787762,-0.06351105,-0.49423152,2.3907557,-0.051342454,0.39848152,2.4252384,0.35450846,0.2338257,2.3693845,0.718513,0.13339393,2.3812985,0.7907004,0.15000045,2.3481646]
[2,2,2,1,2,1,1,1,1,2,1,1,2,2,2,2,2,2,2,2]
[-0.16317774,0.4791707,2.416002,-0.17451955,0.5372167,2.410453,-0.23692662,0.83591974,2.3762405,-0.2676785,0.9972716,2.2782774,-0.47013354,0.7836387,2.4059188,-0.6373361,0.9731793,2.4001875,-0.82438767,1.0645255,2.3625348,-0.8830675,1.0977967,2.3529675,-0.031007158,0.7769907,2.3984637,0.10879173,0.62598926,2.4246016,0.005024956,0.4505682,2.27467,0.016371315,0.38062134,2.2534592,-0.22390111,0.36349708,2.4212565,-0.066083394,-0.07684305,2.482795,-0.07304336,-0.45452705,2.478763,-0.06387018,-0.4948788,2.3926983,-0.047684662,0.3968844,2.4276423,0.35930246,0.23484325,2.3750062,0.72921306,0.13774614,2.381796,0.7970704,0.15431617,2.345941]
[2,2,2,1,2,2,1,1,2,2,1,1,2,2,2,2,2,2,2,2]
[-0.16095054,0.47687697,2.4160125,-0.17362854,0.53594595,2.4099743,-0.23714747,0.83378893,2.3752522,-0.27404246,0.9924858,2.27691,-0.46967807,0.782755,2.4038959,-0.6330754,0.9696592,2.3949382,-0.822136,1.0639446,2.3585892,-0.88130933,1.0965892,2.3488135,-0.02957874,0.7765071,2.3986986,0.109934226,0.6273121,2.4238398,0.0025924002,0.45088693,2.2722397,0.014054798,0.380556,2.2513278,-0.22378406,0.36092842,2.4206448,-0.063174166,-0.07875189,2.4847322,-0.07228151,-0.4544402,2.4788113,-0.06432546,-0.49570814,2.3952959,-0.04444509,0.3953561,2.429483,0.3633897,0.23414838,2.3790152,0.73399955,0.13629776,2.3815353,0.79991096,0.1549524,2.3431833]
[2,2,2,1,2,2,1,1,2,2,1,1,2,2,2,2,2,2,2,2]
[-0.16033451,0.47623208,2.4159584,-0.17369288,0.535667,2.4096453,-0.23831931,0.8327228,2.3745363,-0.2782294,0.98843414,2.273852,-0.4682987,0.7818618,2.4015267,-0.6322618,0.9642334,2.3907747,-0.82125735,1.0618421,2.3550382,-0.8808471,1.0938665,2.344983,-0.028262477,0.776087,2.398897,0.11111977,0.62840056,2.4234033,-7.865131E-4,0.45276478,2.2698953,0.010858737,0.38213703,2.2492073,-0.2239384,0.3600224,2.4204836,-0.060849614,-0.080627255,2.486398,-0.07161877,-0.4543655,2.4788942,-0.0646942,-0.4963967,2.3978176,-0.043852616,0.39532346,2.4299076,0.36651805,0.23266704,2.381664,0.7329696,0.13017924,2.3805645,0.7991609,0.15136954,2.3396242]
[2,2,2,1,2,2,1,1,2,2,1,1,2,2,2,2,2,2,2,2]
[-0.1601158,0.47582397,2.4159217,-0.1740197,0.5355014,2.4094095,-0.25790665,0.8339044,2.373864,-0.27414167,0.98141414,2.2662377,-0.46576574,0.7809189,2.3984022,-0.63324946,0.9577443,2.386295,-0.8209583,1.0583087,2.3507578,-0.8809166,1.0898343,2.3404686,-0.026643243,0.77496535,2.3990617,0.10861213,0.6230936,2.4208093,-0.0039297887,0.45486683,2.2680502,0.007863689,0.3840854,2.2475033,-0.22401702,0.35941353,2.420389,-0.0592012,-0.081911765,2.4876304,-0.07100462,-0.45428932,2.4790242,-0.064876,-0.49687937,2.4000528,-0.043566026,0.39546096,2.4299996,0.36891007,0.23071358,2.3833065,0.731146,0.11914511,2.3795383,0.7942399,0.14367902,2.3361807]
[2,2,2,1,2,2,1,1,2,2,1,1,2,2,2,2,2,2,2,2]
[-0.16012536,0.47568542,2.4158363,-0.1746787,0.53553677,2.409006,-0.26775265,0.8345531,2.373456,-0.2710253,0.9756271,2.259697,-0.46484482,0.78339064,2.395659,-0.6364447,0.95249236,2.381551,-0.8219113,1.05474,2.3460007,-0.8821615,1.0859482,2.3355546,-0.025052804,0.77363026,2.3992085,0.106666364,0.6182196,2.4188704,-0.0067223287,0.45676643,2.2666552,0.0051864777,0.38593057,2.246194,-0.22418644,0.3591252,2.420324,-0.057996776,-0.082878806,2.4885578,-0.07046148,-0.45423302,2.4791572,-0.065004125,-0.49726135,2.4018757,-0.043711055,0.39590862,2.4295788,0.3706624,0.22845046,2.3841498,0.72923005,0.10959513,2.3788197,0.79041624,0.13771315,2.3340237]
[2,2,2,1,2,2,1,1,2,2,1,1,2,2,2,2,2,2,2,2]
[-0.16028132,0.47572884,2.415672,-0.17535506,0.53567,2.4085648,-0.2714153,0.8343435,2.3729002,-0.2705521,0.97261465,2.2559478,-0.46418235,0.7859533,2.3934538,-0.64166844,0.94819695,2.376257,-0.82419056,1.0511388,2.3406346,-0.8846365,1.0821795,2.3301153,-0.02318561,0.77144134,2.399414,0.105571195,0.61344695,2.4176674,-0.009069932,0.45886114,2.265581,0.002919486,0.38806078,2.245163,-0.22432098,0.35906428,2.4203033,-0.057122957,-0.083600126,2.4892318,-0.07000118,-0.45418927,2.479283,-0.06510332,-0.49759957,2.403369,-0.044384073,0.39660323,2.4287584,0.37181666,0.22568412,2.3841357,0.7285201,0.10450604,2.3780503,0.7854508,0.12218045,2.3325257]
[2,2,2,1,2,2,1,1,2,2,1,1,2,2,2,2,2,2,2,2]
[-0.16050582,0.47589794,2.4154508,-0.17596997,0.5358587,2.408103,-0.27333295,0.83391964,2.3720157,-0.2706376,0.97061723,2.2533019,-0.46382758,0.7882218,2.3918126,-0.6427925,0.9424787,2.3702948,-0.824226,1.0454587,2.3338933,-0.8847925,1.0764753,2.3233907,-0.021203442,0.7685021,2.3995943,0.1051917,0.60902995,2.4170122,-0.010977114,0.46096864,2.2648938,0.0010733583,0.39026022,2.2444975,-0.22443327,0.35915846,2.4202847,-0.056496076,-0.08406861,2.4897006,-0.06960551,-0.45416245,2.479393,-0.06517354,-0.49788722,2.4045293,-0.045105178,0.39726678,2.4279208,0.37207645,0.22198303,2.382605,0.72506285,0.080224775,2.3800526,0.7784963,0.107661754,2.3358316]
[2,2,2,1,2,2,1,1,2,2,1,1,2,2,2,2,2,2,2,2]
[-0.16064422,0.47589514,2.4152806,-0.17640531,0.5358687,2.407689,-0.27333292,0.8332104,2.3707204,-0.2709315,0.9691987,2.2512915,-0.46357635,0.78850955,2.390176,-0.643887,0.93774515,2.3654861,-0.82453555,1.0402167,2.3280272,-0.88516015,1.0712737,2.3175693,-0.04325465,0.7675365,2.390467,0.10192561,0.60894084,2.4155617,-0.012423353,0.46188778,2.2643952,-3.114796E-4,0.3912128,2.244015,-0.22446273,0.3592804,2.4202573,-0.056039147,-0.08437758,2.4900305,-0.06924226,-0.45415676,2.4794734,-0.065322265,-0.49815175,2.4054089,-0.046025712,0.3978664,2.4271429,0.37378243,0.21195607,2.376493,0.6592796,0.045406636,2.3786833,0.7351041,0.07474703,2.3561573]
[2,2,2,1,2,2,1,1,2,2,1,1,2,2,2,2,2,2,2,2]
[-0.16077702,0.47587606,2.4151113,-0.17675768,0.5358341,2.4072883,-0.27152517,0.8322834,2.3691146,-0.2714019,0.9682169,2.249741,-0.4634728,0.78896827,2.3889685,-0.64363515,0.9341354,2.3618095,-0.823936,1.0358294,2.3232481,-0.8845922,1.066942,2.3128302,-0.053726822,0.7672979,2.3861318,0.099246755,0.6093455,2.4145114,-0.013621173,0.46247548,2.2640634,-0.0014447921,0.39183748,2.2436898,-0.22443882,0.35946637,2.4202256,-0.055708636,-0.08459988,2.4902709,-0.06890014,-0.45415848,2.4795427,-0.065431595,-0.4983669,2.4060793,-0.047198318,0.3984512,2.4263735,0.37561467,0.20214066,2.3693254,0.6781009,0.010107687,2.4006343,0.70700234,0.057055183,2.3664937]
[2,2,2,1,2,2,1,1,2,2,1,1,2,2,2,2,2,2,2,2]
[-0.1609034,0.47585908,2.414949,-0.17704694,0.5357885,2.4069135,-0.26853293,0.8314522,2.3675637,-0.27204838,0.96747893,2.248438,-0.46163523,0.7870934,2.3862946,-0.64250684,0.9315487,2.3588362,-0.82280236,1.032469,2.3193927,-0.8834656,1.0636278,2.3089995,-0.032510266,0.7615984,2.394419,0.10051512,0.6048184,2.415764,-0.014539158,0.4627633,2.2640302,-0.0022971411,0.39217722,2.243637,-0.22442587,0.35964298,2.4201481,-0.05546878,-0.084754676,2.4904468,-0.068592854,-0.4541674,2.4796038,-0.06524879,-0.49854082,2.4066305,-0.0481619,0.39886123,2.4258142,0.3762023,0.195001,2.363258,0.6500183,-7.462781E-4,2.4074302,0.69285333,0.02437498,2.389655]
[2,2,2,1,2,2,1,1,2,2,1,1,2,2,2,2,2,2,2,2]
[-0.16098022,0.4756404,2.414701,-0.17719764,0.53554505,2.406458,-0.2649403,0.8307902,2.3662813,-0.27238628,0.9668334,2.2473257,-0.4597656,0.7871346,2.3845155,-0.64108664,0.9297215,2.3565202,-0.82158846,1.0299101,2.3163714,-0.8822399,1.0611075,2.3059916,-0.048508454,0.75850594,2.387567,0.09933425,0.60538566,2.415973,-0.01513876,0.46276644,2.2641952,-0.002850993,0.39225367,2.2437649,-0.22421308,0.3599163,2.419891,-0.055439696,-0.08463348,2.4904792,-0.06831397,-0.45417815,2.479667,-0.0652889,-0.4986812,2.407041,-0.04921405,0.3991398,2.4253206,0.37486067,0.18765546,2.3567436,0.6328692,-0.009316018,2.4128506,0.68379813,-0.006703775,2.406584]
[2,2,2,1,2,2,1,1,2,2,1,1,2,2,2,2,2,2,2,2]
[-0.16103895,0.47539866,2.4144566,-0.17727022,0.53527355,2.4060228,-0.2598477,0.83052844,2.3653662,-0.27261928,0.96629953,2.24641,-0.45868403,0.7873779,2.3834748,-0.63961506,0.92842764,2.3547676,-0.8204268,1.0279418,2.3140335,-0.8810541,1.0591716,2.3036604,-0.05664236,0.757801,2.3842664,0.09878124,0.6062362,2.4167047,-0.015340878,0.4622991,2.26482,-0.003023882,0.3918869,2.244336,-0.22396085,0.36021852,2.419581,-0.056013446,-0.084248304,2.490189,-0.06807982,-0.45419392,2.4797301,-0.06533861,-0.4987996,2.4073694,-0.050321724,0.39934346,2.42493,0.36822549,0.17508905,2.348365,0.6028658,-0.043690566,2.4278364,0.6672414,-0.05622992,2.4350512]
[2,2,2,1,2,2,1,1,2,2,1,1,2,2,2,2,2,2,2,2]
[-0.16105147,0.47506973,2.4141564,-0.17722413,0.5349209,2.4055293,-0.255088,0.8305945,2.3646812,-0.27257302,0.96594155,2.2456298,-0.4578678,0.7875969,2.3827574,-0.63698095,0.9270437,2.3529632,-0.8189997,1.0257827,2.3123868,-0.87967557,1.0569685,2.3021863,-0.06105164,0.75760317,2.3825786,0.09859418,0.60724586,2.418013,-0.014712724,0.4613392,2.2660882,-0.0023781713,0.3910391,2.2455463,-0.22362968,0.3605366,2.41906,-0.058541115,-0.08320581,2.488889,-0.06789886,-0.45422125,2.4797997,-0.06540498,-0.4989159,2.4076524,-0.051272333,0.39947227,2.4246254,0.3384816,0.14440364,2.3463697,0.5778161,-0.0928294,2.4408855,0.65013784,-0.10707429,2.4413972]
[2,2,2,1,2,2,1,1,2,2,1,1,2,2,2,2,2,2,2,2]
[-0.16032815,0.47308782,2.4136345,-0.17629112,0.53337777,2.4048233,-0.24922562,0.830853,2.364561,-0.267103,0.96687466,2.2451231,-0.44409966,0.7841185,2.379102,-0.6346224,0.9259515,2.3514507,-0.8177506,1.0236739,2.3112113,-0.8784797,1.0546705,2.3012376,-0.063107066,0.75700617,2.3817127,0.100661494,0.61477035,2.424497,-0.013738781,0.46016258,2.26786,-0.0013876269,0.3899697,2.247263,-0.22289674,0.36064947,2.4182868,-0.063037746,-0.08127494,2.4863887,-0.06771932,-0.4542485,2.479902,-0.06539716,-0.4989999,2.4078963,-0.052190144,0.3992766,2.4244518,0.32046506,0.119025975,2.3478606,0.541008,-0.14343026,2.4424522,0.5679906,-0.18243971,2.3921447]
[2,2,2,1,2,2,1,1,2,2,1,1,2,2,2,2,2,2,2,2]
[-0.15811889,0.46877608,2.4127715,-0.17387879,0.53021044,2.4037735,-0.24353878,0.8314281,2.3644269,-0.26336724,0.9680616,2.2449524,-0.43507144,0.7817262,2.3769495,-0.6337258,0.9243327,2.3497992,-0.81793565,1.0190517,2.3101232,-0.8791444,1.0487254,2.3006525,-0.063779816,0.7578655,2.3817847,0.10268317,0.61964023,2.43013,-0.011375589,0.45723164,2.272531,9.96547E-4,0.3871709,2.251867,-0.22111794,0.36003393,2.416785,-0.06744195,-0.0795326,2.483703,-0.067531474,-0.4542587,2.4800951,-0.09878248,-0.5150503,2.49909,-0.052863527,0.3986108,2.4243867,0.3028578,0.08998659,2.353332,0.4898975,-0.1915059,2.434367,0.5348601,-0.23415409,2.4156466]
[2,2,2,1,2,2,1,1,2,2,1,1,2,2,2,2,2,2,2,2]
[-0.1536461,0.46330234,2.411455,-0.16896586,0.5258281,2.4023974,-0.23646131,0.8322541,2.3650677,-0.26114273,0.9688003,2.2450578,-0.42803997,0.7796422,2.3756936,-0.6362249,0.91863066,2.3465586,-0.8208915,1.0112875,2.3090496,-0.8827944,1.0396826,2.300385,-0.06256858,0.75924325,2.3827598,0.104820676,0.62236875,2.434837,-0.008514551,0.4536194,2.2790914,0.003884144,0.3836708,2.2583802,-0.21635677,0.3583465,2.414695,-0.07138648,-0.078383446,2.481137,-0.06737635,-0.45426664,2.4803405,-0.11342333,-0.5257903,2.5285623,-0.05264131,0.39706877,2.423656,0.28051913,0.068363704,2.361532,0.4510638,-0.24369213,2.4266806,0.46790212,-0.29483882,2.3747678]
[2,2,2,1,2,2,1,1,2,2,1,1,2,2,2,2,2,2,2,2]
[-0.14735287,0.45961457,2.4097583,-0.16248412,0.5228216,2.400789,-0.23056708,0.8332986,2.365718,-0.25819448,0.9709918,2.2463622,-0.4218082,0.7771672,2.3751047,-0.6405911,0.9076781,2.3422742,-0.8321183,0.9930604,2.3000295,-0.897987,1.0174537,2.288838,-0.010059179,0.75778764,2.4072871,0.120850764,0.6070501,2.4503906,0.040547907,0.42337504,2.3431752,0.029003114,0.36063164,2.3177516,-0.2100376,0.35644552,2.4116318,-0.07600416,-0.07927015,2.4783986,-0.067309506,-0.45424277,2.4805458,-0.11963537,-0.5296924,2.5427363,-0.041740034,0.39083105,2.4217756,0.256437,0.01980868,2.373394,0.40380603,-0.3015268,2.4216073,0.4063828,-0.35471016,2.3481603]
[2,2,2,1,2,2,1,1,2,2,2,1,2,2,2,2,2,2,2,2]
[-0.1414948,0.4571516,2.4082801,-0.15609479,0.52083385,2.3994286,-0.22273242,0.8353592,2.3672175,-0.18953194,0.9738724,2.2535064,-0.4170073,0.77441514,2.3752062,-0.6441475,0.89903235,2.338692,-0.8531069,0.9679474,2.2892423,-0.9277825,0.9851746,2.2748537,0.023149302,0.75679064,2.4227173,0.12930985,0.60094833,2.457238,0.06770948,0.40890962,2.3806658,0.038525723,0.3525829,2.3431542,-0.20500404,0.35491794,2.4090402,-0.08032615,-0.080601916,2.4758892,-0.067432806,-0.45415807,2.48078,-0.12392357,-0.5321527,2.5492291,-0.03217837,0.38519624,2.4202282,0.23109764,-0.040582612,2.3876038,0.36299437,-0.35828674,2.417991,0.42352533,-0.38009512,2.3955612]
[2,2,2,1,2,2,1,1,2,2,2,1,2,2,2,2,2,2,2,2]
[-0.13423711,0.4528646,2.4065244,-0.14854473,0.5176216,2.3979897,-0.21303992,0.8378502,2.3687851,-0.16711529,0.9756048,2.2545676,-0.40867937,0.76688427,2.3771772,-0.64606744,0.8333271,2.338481,-0.83136946,0.92394626,2.2713923,-0.90381426,0.9565679,2.2562401,0.032895483,0.75635475,2.4270754,0.13313057,0.5988136,2.460615,0.08202076,0.40278736,2.3979673,0.047213458,0.34745318,2.3600173,-0.20046142,0.3530709,2.406555,-0.085118465,-0.08275722,2.4732246,-0.068016626,-0.45392662,2.4809818,-0.12498927,-0.5319927,2.543457,-0.02415758,0.37752023,2.4186196,0.19603959,-0.09678033,2.4031277,0.30413052,-0.40012485,2.4205406,0.36673304,-0.43370232,2.3967743]
[2,2,2,1,2,2,2,1,2,2,2,1,2,2,2,2,2,2,2,2]
[-0.1279006,0.44923827,2.405085,-0.14079161,0.5145046,2.3966854,-0.19269148,0.84081924,2.3702579,-0.15714587,0.9775568,2.255645,-0.39744863,0.75629216,2.38015,-0.6151986,0.73496747,2.3519928,-0.78372604,0.84157014,2.2763722,-0.853766,0.8820528,2.2457087,0.04007205,0.7557637,2.4299521,0.13688917,0.5967292,2.4627955,0.09227885,0.39836103,2.4073086,0.05599253,0.3429903,2.370828,-0.19680175,0.35126528,2.4045196,-0.0901151,-0.085832454,2.4705493,-0.069125704,-0.45346513,2.4811795,-0.12057696,-0.526431,2.5237794,-0.018050298,0.37097716,2.4172947,0.15886807,-0.13005237,2.4143367,0.23988472,-0.43406874,2.429238,0.32260907,-0.46542358,2.405741]
[2,2,2,1,2,2,2,2,2,2,2,1,2,2,2,2,2,2,2,2]
[-0.12366204,0.4467274,2.4040554,-0.13547072,0.51233906,2.3957958,-0.17893821,0.84268785,2.3720546,-0.14989679,0.9811726,2.257969,-0.38814774,0.748904,2.3826718,-0.6040038,0.6748147,2.3551722,-0.7822852,0.7570782,2.2747042,-0.8536832,0.79371834,2.2333014,0.045241017,0.7552132,2.4316013,0.14049004,0.5947061,2.46366,0.10477154,0.39209893,2.4195886,0.101963,0.35724366,2.3984993,-0.19415592,0.34960455,2.4028025,-0.09646304,-0.090407826,2.4678369,-0.071138576,-0.45306268,2.4814258,-0.115423575,-0.5218978,2.504885,-0.014525649,0.3664942,2.4161916,0.1192172,-0.15291803,2.4215417,0.18128163,-0.46343836,2.4339545,0.2573691,-0.5007429,2.4175763]
[2,2,2,1,2,2,2,2,2,2,2,1,2,2,2,2,2,2,2,2]
[-0.12059279,0.44483125,2.403221,-0.13144182,0.51065624,2.3951054,-0.16837819,0.8435413,2.3739285,-0.14327724,0.9863708,2.262376,-0.36871818,0.73641807,2.3853233,-0.59482497,0.6210291,2.3517454,-0.7875153,0.6669189,2.280786,-0.85337853,0.7107105,2.2339952,0.049922757,0.7541381,2.4318714,0.14524242,0.5909936,2.463002,0.053305507,0.3766302,2.3331242,0.07949813,0.3223992,2.3359637,-0.1923246,0.34808522,2.40123,-0.10377295,-0.09623274,2.465673,-0.07341716,-0.45283395,2.4816678,-0.112965494,-0.5201084,2.4956846,-0.012237143,0.3632455,2.4152591,0.07618607,-0.15873909,2.430251,0.13042393,-0.47600365,2.4395702,0.18901584,-0.5235647,2.4193342]
[2,2,2,1,2,2,2,2,2,2,2,1,2,2,2,2,2,2,2,2]
[-0.11833262,0.44345558,2.4025354,-0.12828535,0.50940186,2.3945498,-0.15930474,0.8436957,2.3760433,-0.13946243,0.98997116,2.2658594,-0.35773325,0.7299422,2.3869236,-0.56815517,0.5760627,2.353834,-0.7669113,0.59301144,2.2828376,-0.84188884,0.6155894,2.2426248,0.054357983,0.75217897,2.430663,0.15187936,0.5863992,2.4605734,0.031303372,0.41157967,2.2951968,0.05103583,0.3452927,2.2773721,-0.19110356,0.34689122,2.3998842,-0.109975725,-0.10150836,2.464047,-0.07595348,-0.4526833,2.481952,-0.09054468,-0.5035818,2.4360003,-0.010695062,0.36078775,2.414362,0.045702282,-0.1566709,2.436194,0.071782656,-0.4788413,2.4467304,0.12163998,-0.53341615,2.4237425]
[2,2,2,1,2,2,2,2,2,2,2,1,2,2,2,2,2,2,2,2]
[-0.11621529,0.44189444,2.4016104,-0.12528163,0.5080117,2.3939312,-0.15076439,0.84328514,2.378803,-0.13609691,0.9925139,2.268964,-0.34527215,0.7242499,2.3879857,-0.5569672,0.5557114,2.3537314,-0.75102276,0.53245896,2.2815928,-0.8331739,0.53251153,2.250458,0.059239686,0.7488805,2.4281373,0.16143566,0.58108807,2.4562383,0.015146023,0.4199657,2.2674563,0.042682763,0.34724492,2.2578042,-0.19035555,0.3453738,2.397932,-0.11557908,-0.10637943,2.4626052,-0.07838066,-0.45283487,2.4821982,-0.07847022,-0.49498263,2.4023793,-0.009639561,0.35813478,2.4129047,0.023312658,-0.1496196,2.440553,0.014855459,-0.47894377,2.465885,0.05771856,-0.53178257,2.4342024]
[2,2,2,1,2,2,2,2,2,2,2,1,2,2,2,2,2,2,2,2]
[-0.11370543,0.43839538,2.3996806,-0.12180345,0.50531626,2.393003,-0.14227664,0.8420675,2.381832,-0.13257235,0.9946809,2.272601,-0.32804283,0.71630937,2.3886836,-0.5228139,0.53313106,2.3514442,-0.7089633,0.44850695,2.2873716,-0.74402416,0.46300298,2.2779293,0.06445469,0.74440306,2.4245481,0.17113966,0.57533544,2.450458,0.112621844,0.3813147,2.3722703,0.11158851,0.3493188,2.323658,-0.1900508,0.3427443,2.3949149,-0.12097922,-0.11108388,2.461608,-0.080838956,-0.45428878,2.4823663,-0.100701034,-0.5161693,2.4554563,-0.009529741,0.35352704,2.409646,0.0018783798,-0.14356165,2.4457188,-0.0058534453,-0.4779047,2.4746227,0.044602018,-0.5293839,2.4365065]
[2,2,2,1,2,2,2,2,2,2,2,1,2,2,2,2,2,2,2,2]
[-0.111059465,0.4340167,2.3971598,-0.11770828,0.50142926,2.3917525,-0.1295915,0.8379844,2.3851888,-0.1295746,0.99612755,2.2769008,-0.31474513,0.70972943,2.3885815,-0.49439886,0.5194026,2.3513849,-0.6592844,0.3856976,2.2992125,-0.6932274,0.39439997,2.2931008,0.070946194,0.73841035,2.419965,0.17889895,0.5692829,2.446061,0.12555416,0.3727851,2.3774774,0.15532853,0.35134035,2.3659813,-0.19003677,0.33982605,2.3916206,-0.125185,-0.114456415,2.4610975,-0.08402306,-0.45665294,2.4824328,-0.108528316,-0.52251935,2.4537218,-0.009626313,0.3483207,2.4054508,-0.0125405155,-0.1369545,2.4482486,-0.01873887,-0.47741175,2.480583,0.028353035,-0.5293362,2.446196]
[2,2,2,1,2,2,2,2,2,2,2,1,2,2,2,2,2,2,2,2]
[-0.10836471,0.4292726,2.3945415,-0.1133287,0.49677366,2.3904502,-0.11847085,0.8330171,2.387024,-0.12621863,0.9973849,2.28253,-0.3023216,0.704126,2.3880398,-0.4552431,0.49076498,2.3569207,-0.6155961,0.3473346,2.3039613,-0.67141956,0.3150013,2.2953067,0.07732963,0.7325111,2.4154582,0.1853309,0.5635012,2.4419012,0.15165944,0.35703972,2.4054072,0.17416011,0.3524968,2.3833616,-0.18999675,0.3372049,2.3888521,-0.12841313,-0.116855115,2.4609077,-0.086909145,-0.45916238,2.4823802,-0.13020594,-0.53475493,2.494086,-0.009715425,0.34353283,2.4014125,-0.022774093,-0.13086271,2.4490721,-0.02366692,-0.47553486,2.484428,0.023781082,-0.52671075,2.4560568]
[2,2,2,1,2,2,2,2,2,2,2,1,2,2,2,2,2,2,2,2]
[-0.10159693,0.4167481,2.3905952,-0.10363053,0.48534918,2.389215,-0.09369562,0.82527506,2.3902974,-0.11785918,0.99601775,2.2877326,-0.2668085,0.68990254,2.3876004,-0.39831582,0.45091528,2.3688273,-0.53585815,0.27354062,2.3264003,-0.58614016,0.20756808,2.3228645,0.088925354,0.7230459,2.4089842,0.19401722,0.5241962,2.4291818,0.10407255,0.3425535,2.388589,0.10216314,0.31607598,2.3782597,-0.18863897,0.33263078,2.3856914,-0.13212389,-0.119020276,2.461126,-0.08976172,-0.46148336,2.4820468,-0.13935015,-0.53991836,2.5125828,-0.0092489,0.33375475,2.3958094,-0.03337229,-0.12501548,2.4471083,-0.028158126,-0.47446206,2.4860284,0.02480442,-0.5233969,2.4672275]
[2,2,2,1,2,2,2,2,2,2,2,1,2,2,2,2,2,2,2,2]
[-0.0969465,0.40854576,2.3882737,-0.096776724,0.4775379,2.388879,-0.07967584,0.8209367,2.3917737,-0.106428646,0.9937304,2.292179,-0.25228497,0.6841233,2.387429,-0.37098667,0.4315895,2.3749993,-0.46977854,0.23141149,2.3570595,-0.50969565,0.17149061,2.3550334,0.09799875,0.7165035,2.404601,0.1989762,0.5050927,2.4241278,0.09038592,0.33522213,2.3858187,0.052006155,0.29602534,2.3687954,-0.1870937,0.32880238,2.3834424,-0.13588019,-0.12089424,2.4616773,-0.09194502,-0.46332562,2.481647,-0.14281425,-0.5417383,2.5188277,-0.008718282,0.32650948,2.3919513,-0.04108245,-0.12119628,2.4446292,-0.025602829,-0.47184068,2.483258,0.03873612,-0.52264726,2.5030243]
[2,2,2,1,2,2,2,2,2,2,2,1,2,2,2,2,2,2,2,2]
[-0.09296195,0.40160507,2.3867223,-0.0908612,0.47076923,2.3889337,-0.06697367,0.8168466,2.3919828,-0.09537951,0.99115646,2.2957451,-0.24175571,0.6802463,2.387184,-0.3504827,0.41802454,2.3807998,-0.4160301,0.20944713,2.389812,-0.43853846,0.15112187,2.4005556,0.10821173,0.7101931,2.4012845,0.20201494,0.49542382,2.4218712,0.07565735,0.33450052,2.3774428,0.030320007,0.28821456,2.3637412,-0.18520293,0.3249747,2.3818133,-0.13929568,-0.12253783,2.462348,-0.09373568,-0.46487513,2.4812393,-0.14503089,-0.54295444,2.523553,-0.008071131,0.31960866,2.3889976,-0.046471756,-0.11893305,2.4421048,-0.021872178,-0.46957737,2.4795156,0.04133014,-0.52168024,2.5102549]
[2,2,2,1,2,2,2,2,2,2,2,1,2,2,2,2,2,2,2,2]
