Enregistrement d'un squelette Kinect
[0.057045486,0.38012975,2.34814,0.056590907,0.45185712,2.345432,0.07370399,0.81577665,2.3492677,0.061602026,0.98289096,2.2683332,-0.085087806,0.6866946,2.332029,-0.17187503,0.46158707,2.351435,-0.2348479,0.27933988,2.330432,-0.2699379,0.20476165,2.3162994,0.22802864,0.7107739,2.3871765,0.309826,0.567535,2.4787138,0.3127243,0.3998341,2.3933327,0.30088544,0.3421585,2.3638146,-0.013276445,0.30277714,2.3483071,0.0027684486,-0.16645727,2.4180677,0.011330545,-0.48159918,2.4348748,0.0018564819,-0.5444046,2.4065337,0.13154878,0.31148887,2.3454516,0.13573587,-0.14973982,2.4006515,0.13648762,-0.48047844,2.425526,0.18399191,-0.5272692,2.4034266]
[2,2,2,1,2,2,2,2,2,2,2,2,2,2,2,2,2,2,2,2]
[0.060014747,0.37845507,2.3465097,0.060845315,0.4502614,2.3455055,0.07933276,0.8148945,2.3500874,0.06963776,0.98337066,2.2716985,-0.07920681,0.68689525,2.3327453,-0.16435464,0.4599653,2.3542132,-0.22645938,0.2802312,2.3344676,-0.26200777,0.20590392,2.3218338,0.23357965,0.70915043,2.3887894,0.3123789,0.56394064,2.4798903,0.31322625,0.39653233,2.3920355,0.30138493,0.33903006,2.3630388,-0.012022838,0.30277404,2.3461435,0.0024929156,-0.16631849,2.417136,0.011440605,-0.48252702,2.4338236,0.0019038863,-0.54547876,2.405925,0.13267036,0.30961692,2.3441098,0.13658328,-0.14987573,2.397951,0.13816726,-0.48022377,2.424592,0.1855996,-0.5273641,2.4040642]
[2,2,2,1,2,2,2,2,2,2,2,2,2,2,2,2,2,2,2,2]
[0.06303142,0.37705985,2.3450835,0.06477422,0.4490048,2.3458128,0.08464294,0.81432503,2.350791,0.07565015,0.98384887,2.2743478,-0.07201092,0.6872981,2.3338223,-0.15945497,0.45904496,2.356123,-0.22178267,0.2824662,2.3374708,-0.25826058,0.20874357,2.325606,0.2380822,0.70809823,2.390062,0.3144782,0.5615972,2.4805071,0.31377193,0.3941528,2.3912063,0.30187696,0.33693042,2.3624601,-0.010096934,0.30295628,2.3440063,0.0022334815,-0.16609406,2.4164152,0.01165347,-0.48333135,2.4328983,0.0017955081,-0.5463283,2.4055054,0.1338753,0.3081036,2.3429637,0.13754603,-0.15001233,2.396061,0.1394237,-0.4800087,2.4238966,0.1867401,-0.52747875,2.404563]
[2,2,2,1,2,2,2,2,2,2,2,2,2,2,2,2,2,2,2,2]
[0.066003464,0.37614778,2.3439696,0.06837539,0.44823104,2.3464541,0.08891695,0.81408644,2.3515365,0.0802196,0.9842149,2.2763362,-0.06705389,0.688116,2.3351738,-0.15612884,0.45888,2.3576798,-0.22266069,0.28710544,2.3396442,-0.26050836,0.21415274,2.3274436,0.2419836,0.7075371,2.391233,0.31675252,0.5599393,2.480768,0.3145152,0.39238077,2.3905706,0.3043665,0.33541664,2.3611002,-0.0078118076,0.30335325,2.3421147,0.0020028513,-0.16582093,2.4158487,0.011926004,-0.48412514,2.43206,-3.868531E-4,-0.54785365,2.407056,0.13534504,0.30691633,2.3420014,0.1386733,-0.1501447,2.3948328,0.14041498,-0.4798279,2.4233985,0.18757257,-0.52760375,2.4049444]
[2,2,2,1,2,2,2,2,2,2,2,2,2,2,2,2,2,2,2,2]
[0.06883776,0.37573782,2.3431726,0.07162385,0.4479216,2.3473656,0.09232694,0.8139787,2.3521285,0.08351793,0.9845087,2.2778313,-0.06364682,0.689079,2.3365965,-0.1550625,0.4616634,2.360027,-0.23857899,0.29470578,2.3393648,-0.28160802,0.22393472,2.3257444,0.24543522,0.7073547,2.3923264,0.31972814,0.5587543,2.480541,0.31620562,0.39065933,2.390138,0.30708596,0.33442712,2.359899,-0.005547228,0.30390254,2.3406236,0.0017852773,-0.16546005,2.4153733,0.012137172,-0.48469442,2.431418,-0.0018737486,-0.54884756,2.4079804,0.1370354,0.30608597,2.341262,0.14004193,-0.15024632,2.394222,0.14144273,-0.4796371,2.4231746,0.18816794,-0.52775544,2.4051812]
[2,2,2,1,2,2,2,2,2,2,2,2,2,2,2,2,2,2,2,2]
[0.07185145,0.37586403,2.342779,0.07490169,0.44812775,2.3487668,0.095211744,0.81403565,2.3527403,0.08661635,0.9850937,2.2795796,-0.061219633,0.69036406,2.3383098,-0.15872706,0.46894813,2.363199,-0.27357632,0.30608,2.336056,-0.3147224,0.23805678,2.3217328,0.24852006,0.70769554,2.3933122,0.3235724,0.5579048,2.4793344,0.31845134,0.38901615,2.389568,0.31057766,0.3334573,2.3586876,-0.0030809147,0.304662,2.339619,0.0015979675,-0.16506147,2.4149733,0.012381946,-0.4851401,2.4309056,-0.003006761,-0.5495129,2.4086454,0.13922898,0.30567634,2.3407836,0.14182778,-0.15017612,2.3942647,0.14247127,-0.47944614,2.423217,0.18875098,-0.52804005,2.4057026]
[2,2,2,1,2,2,2,2,2,2,2,2,2,2,2,2,2,2,2,2]
[0.074606895,0.3763374,2.3427608,0.07770099,0.4486309,2.3504171,0.09723061,0.8141175,2.35323,0.08898865,0.9855944,2.2809746,-0.059680678,0.6918259,2.3404124,-0.16885856,0.4806996,2.3672152,-0.30117843,0.31760785,2.33314,-0.3483492,0.25876108,2.3158536,0.25114128,0.7083042,2.394178,0.32782507,0.5579122,2.4771044,0.32468212,0.38769773,2.3883982,0.31648517,0.33895335,2.3607237,-6.9136487E-4,0.30550855,2.3391764,0.0014574312,-0.16465744,2.4146445,0.012757308,-0.48550123,2.4304795,-0.003991401,-0.5498002,2.4089012,0.14161825,0.30561996,2.3405612,0.14419612,-0.15006651,2.3954108,0.14449498,-0.47917095,2.4249961,0.18909998,-0.52821726,2.4059596]
[2,2,2,1,2,2,2,2,2,2,2,2,2,2,2,2,2,2,2,2]
[0.07691724,0.37685952,2.3429854,0.07996616,0.44917393,2.3521209,0.09870288,0.8141974,2.353615,0.09091268,0.98613346,2.282288,-0.05870843,0.6932804,2.3424459,-0.18245843,0.50342506,2.370513,-0.33104262,0.3370005,2.3330405,-0.38677567,0.28263864,2.3126404,0.25300968,0.7087936,2.3947437,0.3322466,0.5581288,2.4741292,0.32981136,0.3867147,2.3868804,0.32236287,0.3380696,2.3592315,0.0015840213,0.30631962,2.3392332,0.0013453022,-0.1642815,2.4143896,0.013059009,-0.48577842,2.4301739,-0.0049276776,-0.54991287,2.409013,0.14373562,0.30572468,2.34054,0.14714725,-0.15013796,2.398142,0.14633039,-0.47889146,2.4271157,0.18936977,-0.5283808,2.406267]
[2,2,2,1,2,2,2,2,2,2,2,2,2,2,2,2,2,2,2,2]
[0.07872658,0.37745067,2.3434014,0.081699364,0.44977167,2.3538244,0.09975227,0.8142617,2.3539085,0.09246102,0.98666006,2.283474,-0.05870469,0.6953486,2.3454583,-0.20051835,0.52151203,2.372821,-0.34885448,0.34980422,2.3334277,-0.4101933,0.29887474,2.310708,0.25433484,0.7091902,2.395092,0.3365535,0.55876887,2.4709074,0.3333922,0.38624743,2.3855302,0.32633498,0.3373968,2.357934,0.003456051,0.30712146,2.339761,0.0012736516,-0.16385871,2.414195,0.013404073,-0.48598847,2.4299414,-0.005827543,-0.54982704,2.40904,0.14545971,0.30593783,2.3406456,0.14985195,-0.1505146,2.4014525,0.14783719,-0.4785651,2.4289591,0.1895594,-0.5284977,2.4065168]
[2,2,2,1,2,2,2,2,2,2,2,2,2,2,2,2,2,2,2,2]
[0.08024039,0.3782767,2.3442233,0.08304586,0.45055333,2.355764,0.100496136,0.81432325,2.3541536,0.09361049,0.98706007,2.284383,-0.06012672,0.69827074,2.3496058,-0.21724953,0.5323261,2.373746,-0.37980402,0.37144127,2.3306494,-0.44387078,0.32901424,2.3040285,0.25527626,0.7095277,2.3953016,0.3401992,0.5595127,2.4675412,0.335991,0.38598233,2.3842242,0.32946452,0.3365875,2.35679,0.0051323446,0.30808794,2.3410363,0.0012473516,-0.16340724,2.4140933,0.013884509,-0.48611635,2.4297655,-0.0066714445,-0.5495105,2.4090014,0.14696272,0.3063116,2.3410091,0.15209231,-0.15089212,2.4050171,0.149262,-0.47814554,2.4307938,0.18969615,-0.5285817,2.4067645]
[2,2,2,1,2,2,2,2,2,2,2,2,2,2,2,2,2,2,2,2]
[0.081320815,0.3793629,2.3453803,0.083934344,0.45152742,2.3578088,0.10099742,0.81440556,2.3543825,0.09439948,0.98734844,2.2850404,-0.06388385,0.7017998,2.3551342,-0.23250559,0.54075134,2.3729274,-0.4003463,0.40097773,2.3324733,-0.46736082,0.3606477,2.3028457,0.25587627,0.70988744,2.395304,0.34306073,0.56028587,2.4648118,0.33766064,0.38587508,2.383309,0.33146834,0.33603406,2.3560405,0.0062560188,0.30917615,2.3428123,0.0013138986,-0.16288857,2.4141536,0.014457201,-0.48617482,2.4296613,-0.007406665,-0.54905134,2.408917,0.14816266,0.30681673,2.3415513,0.15380092,-0.15114954,2.4084308,0.1503436,-0.4777898,2.432258,0.18978328,-0.52862823,2.40691]
[2,2,2,1,2,2,2,2,2,2,2,2,2,2,2,2,2,2,2,2]
[0.081930295,0.38072124,2.3469083,0.08433491,0.45263058,2.3598757,0.10099604,0.8144888,2.3546467,0.094888896,0.98752934,2.2855053,-0.06901718,0.7054579,2.360666,-0.24826157,0.55055004,2.371881,-0.41817406,0.42229906,2.330452,-0.48591253,0.38174656,2.2997887,0.2559462,0.71034944,2.3949285,0.34518054,0.5608344,2.4622889,0.338768,0.38575664,2.3825026,0.33297405,0.33539358,2.3552394,0.0068539428,0.31033358,2.3450286,0.0014673909,-0.16222703,2.414464,0.014884812,-0.48616996,2.4296439,-0.007733619,-0.5486371,2.408655,0.1491225,0.30757838,2.342449,0.15505724,-0.15130657,2.411403,0.15134436,-0.47750837,2.4338765,0.18984748,-0.52866364,2.4070473]
[2,2,2,1,2,2,2,2,2,2,2,2,2,2,2,2,2,2,2,2]
[0.081994906,0.3822299,2.3487787,0.08422495,0.45385435,2.362005,0.09997599,0.81474507,2.3550127,0.09465786,0.98761624,2.2857606,-0.07605648,0.70889497,2.3662622,-0.26156026,0.56134653,2.3707569,-0.43641102,0.44744748,2.3271956,-0.5017658,0.40198937,2.2973852,0.25311637,0.7108812,2.3926396,0.34663245,0.56160915,2.459883,0.33946857,0.3857443,2.381932,0.33395234,0.33500084,2.3547633,0.006783629,0.31157762,2.348157,0.0016850482,-0.16144274,2.4150887,0.015356925,-0.48604938,2.4297018,-0.0077115186,-0.54815966,2.408354,0.1497477,0.30848414,2.3435318,0.15598036,-0.15137404,2.4140694,0.15240651,-0.47722965,2.4355023,0.1899046,-0.5286929,2.4071798]
[2,2,2,1,2,2,2,2,2,2,2,2,2,2,2,2,2,2,2,2]
[0.08040267,0.38511384,2.3520088,0.08249679,0.4561738,2.3648846,0.095760904,0.8154453,2.3553798,0.09446518,0.9877243,2.2858834,-0.084716454,0.7121714,2.3712945,-0.27662674,0.5740451,2.3691561,-0.4664037,0.47818115,2.3204238,-0.535736,0.43951997,2.2908287,0.24993323,0.71143526,2.390505,0.34752133,0.562377,2.457822,0.33965972,0.38587183,2.38141,0.33369386,0.33445767,2.3545997,0.004566524,0.31372067,2.3535204,0.0019588151,-0.16057168,2.4160995,0.015803752,-0.4858992,2.4298053,-0.007630307,-0.5478048,2.4082274,0.1497214,0.31013247,2.345311,0.15658346,-0.15136944,2.4165142,0.15326263,-0.4769698,2.436854,0.18994679,-0.5287138,2.4072907]
[2,2,2,1,2,2,2,2,2,2,2,2,2,2,2,2,2,2,2,2]
[0.07768742,0.38815627,2.355714,0.07966464,0.45864365,2.3677592,0.08845461,0.8158582,2.3554447,0.093732044,0.9879089,2.2861211,-0.094885275,0.71492225,2.375743,-0.28922474,0.58725685,2.3668582,-0.4944997,0.5015826,2.3138998,-0.5602022,0.4647316,2.2868598,0.24458142,0.71246076,2.3878198,0.34782684,0.5632715,2.4560235,0.33909708,0.3862749,2.3810062,0.33260185,0.33387598,2.3551035,0.0014427067,0.31565142,2.3592186,0.0022511631,-0.15938209,2.4179122,0.016569179,-0.48555055,2.4300432,-0.0072847437,-0.5472526,2.4081376,0.14875339,0.31224373,2.3478532,0.15693995,-0.15131505,2.4188905,0.15396748,-0.47674447,2.4379168,0.18999009,-0.52872956,2.4074314]
[2,2,2,1,2,2,2,2,2,2,2,2,2,2,2,2,2,2,2,2]
[0.07432401,0.39113835,2.35958,0.07585885,0.46123117,2.370618,0.07706257,0.8163586,2.3559108,0.08452193,0.9871289,2.2848027,-0.10681114,0.71720165,2.3791597,-0.30392492,0.60117096,2.3641074,-0.52562964,0.53249127,2.3104231,-0.5861339,0.50896966,2.2915475,0.23718159,0.7140412,2.3852298,0.34678286,0.56511056,2.453989,0.3374241,0.38752976,2.3806438,0.33071658,0.33394563,2.3557477,-0.002129742,0.31715938,2.3648503,0.0024624465,-0.15834345,2.419923,0.01732291,-0.48518008,2.4303303,-0.0068547176,-0.5466766,2.408046,0.14733009,0.31456926,2.3506737,0.15713489,-0.15129374,2.4212132,0.15458618,-0.4765775,2.4387398,0.19002354,-0.52872884,2.4075282]
[2,2,2,1,2,2,2,2,2,2,2,2,2,2,2,2,2,2,2,2]
[0.07097086,0.3938748,2.3630807,0.07137302,0.46394,2.3733184,0.057154886,0.81870496,2.3580132,0.07579651,0.98513216,2.2815313,-0.1176047,0.7187504,2.3810298,-0.3153146,0.6147304,2.3614388,-0.526649,0.57632405,2.3104072,-0.59226924,0.538257,2.296215,0.22658573,0.7177554,2.383176,0.34493664,0.56720895,2.452067,0.33430856,0.38913766,2.3809624,0.3255098,0.35133883,2.3634048,-0.0048456797,0.31824708,2.3689625,0.002579281,-0.15734062,2.4221323,0.0180522,-0.48478615,2.4306734,-0.0063192975,-0.5460734,2.4079566,0.14565238,0.3172574,2.353764,0.1572783,-0.15116212,2.4235272,0.15509437,-0.47644627,2.439342,0.19005263,-0.5287308,2.4076018]
[2,2,2,1,2,2,2,2,2,2,2,2,2,2,2,2,2,2,2,2]
[0.06784501,0.39605212,2.3660908,0.066831075,0.46620074,2.3754375,0.040300604,0.8200494,2.358464,0.0678482,0.9836946,2.278865,-0.128633,0.7191833,2.3814757,-0.33855724,0.63317406,2.3562064,-0.5338593,0.5962135,2.3094482,-0.5891759,0.5845051,2.3005095,0.21295819,0.72362036,2.3820095,0.34201714,0.56985414,2.4502747,0.33187875,0.39085233,2.3812535,0.32247245,0.36085948,2.36752,-0.0068571866,0.31893632,2.3719547,0.0026100085,-0.15643273,2.4245212,0.018572982,-0.4843695,2.4310591,-0.0058043706,-0.54542625,2.4078338,0.14358383,0.32022125,2.357467,0.15749551,-0.1511828,2.4259806,0.155868,-0.47630125,2.4397912,0.19009489,-0.5287508,2.4076424]
[2,2,2,1,2,2,2,2,2,2,2,2,2,2,2,2,2,2,2,2]
[0.06501166,0.39767283,2.3685668,0.06249955,0.46791995,2.3769553,0.028440224,0.82075363,2.358433,0.055529043,0.9822754,2.2757533,-0.13986799,0.7183232,2.3806245,-0.35071507,0.643795,2.3526742,-0.5393452,0.61209893,2.30891,-0.5891593,0.60482615,2.3022773,0.20142409,0.72809887,2.382079,0.33858946,0.57247597,2.448921,0.3301019,0.39239532,2.3816128,0.32029116,0.36686242,2.370206,-0.008363905,0.319347,2.374103,0.0027113042,-0.15570098,2.4274292,0.018970152,-0.48375165,2.4317844,-0.0050944104,-0.54456604,2.4077315,0.14146914,0.3228384,2.361062,0.1585821,-0.15163252,2.4294403,0.157932,-0.47558913,2.4399793,0.19107208,-0.5283129,2.4072866]
[2,2,2,1,2,2,2,2,2,2,2,2,2,2,2,2,2,2,2,2]
[0.06256488,0.39897388,2.370526,0.058529675,0.46934325,2.3779612,0.017742164,0.82128066,2.3584368,0.03979801,0.98064226,2.2724133,-0.15504077,0.71643,2.3789482,-0.35896322,0.65214443,2.3501465,-0.55438596,0.635222,2.3058171,-0.60519135,0.6265955,2.3007762,0.18849045,0.7318808,2.3832264,0.3306284,0.5779744,2.4477184,0.3282908,0.39546895,2.3825407,0.3182114,0.37184927,2.372388,-0.009429778,0.31961083,2.3755922,0.0029508318,-0.15531231,2.4303048,0.018924603,-0.48280856,2.4329317,-0.0040779016,-0.5434831,2.407636,0.1395153,0.3253464,2.3643763,0.16496435,-0.15366806,2.4364617,0.16607589,-0.47341374,2.439841,0.19589636,-0.52717644,2.406814]
[2,2,2,1,2,2,2,2,2,2,2,2,2,2,2,2,2,2,2,2]
[0.060570437,0.4000461,2.3721225,0.055221856,0.47049588,2.3786366,0.008254094,0.8215156,2.358549,0.025046816,0.9782771,2.2688286,-0.1704783,0.7140069,2.3777273,-0.3695973,0.6629475,2.3467846,-0.5994136,0.6579735,2.2910185,-0.66699725,0.6543419,2.2787805,0.17788996,0.734887,2.384869,0.32188374,0.583948,2.4472525,0.32667923,0.39960754,2.383802,0.31616068,0.37663928,2.3742492,-0.010174797,0.31975853,2.3767097,0.0037516,-0.15520254,2.4329712,0.01854198,-0.4816179,2.4343297,-0.0025856716,-0.5421143,2.4074874,0.13799115,0.32768583,2.367302,0.17958105,-0.155025,2.4442537,0.21219434,-0.46326914,2.4414008,0.24029744,-0.5189831,2.3949935]
[2,2,2,1,2,2,2,2,2,2,2,2,2,2,2,2,2,2,2,2]
[0.058982577,0.400762,2.373411,0.052497666,0.47126782,2.3790927,-6.406801E-4,0.8223193,2.358684,0.011762849,0.97584045,2.2647908,-0.18352298,0.7121718,2.376785,-0.38045564,0.6731874,2.344147,-0.6189299,0.67034245,2.2851267,-0.690718,0.6677647,2.2708259,0.15868624,0.7333115,2.384766,0.3136738,0.58917767,2.4474325,0.32065,0.4059109,2.3832989,0.31369874,0.37364882,2.3745053,-0.010690907,0.31980014,2.3775945,0.004605307,-0.15497333,2.434959,0.018134331,-0.48044223,2.4356625,-0.0013534302,-0.5408554,2.4074478,0.13684641,0.32935563,2.3696306,0.20138463,-0.15627047,2.4514723,0.27549875,-0.4543989,2.441881,0.30888522,-0.51212895,2.3805141]
[2,2,2,1,2,2,2,1,2,2,2,2,2,2,2,2,2,2,2,2]
[0.057591066,0.40136367,2.3745096,0.04994178,0.47195917,2.3793774,-0.00911355,0.8232574,2.358572,0.0010242695,0.97453284,2.2619674,-0.19479024,0.7113334,2.375868,-0.38799503,0.6810909,2.3422909,-0.60682386,0.6942286,2.2879593,-0.68701094,0.70043474,2.2696917,0.14546424,0.7317886,2.3840387,0.3042113,0.5955388,2.4488344,0.31632686,0.41096544,2.3831878,0.31087148,0.37061757,2.3765824,-0.011039147,0.31979614,2.3783064,0.0071217846,-0.15024054,2.4362133,0.017812904,-0.47938576,2.4368305,-2.5365816E-4,-0.5396894,2.4074342,0.13583052,0.33094877,2.3716795,0.24132219,-0.14869127,2.4559653,0.3510583,-0.4484806,2.4346294,0.38879448,-0.5039314,2.363852]
[2,2,2,1,2,2,2,2,2,2,2,2,2,2,2,2,2,2,2,2]
[0.055943303,0.40208924,2.3757415,0.04704654,0.47276694,2.3796701,-0.016351154,0.82396454,2.3585455,-0.005006953,0.9739598,2.2606246,-0.205073,0.7110907,2.3751929,-0.40800494,0.69901633,2.3371668,-0.62528497,0.7172114,2.2831936,-0.6979483,0.7181777,2.2670252,0.13491449,0.73065305,2.3831089,0.29607734,0.6003819,2.4499226,0.31326413,0.4144063,2.383056,0.30800334,0.36775914,2.3783996,-0.011275395,0.3197771,2.3789425,0.011927387,-0.14209442,2.4364266,0.017563948,-0.47840104,2.4378173,6.418783E-4,-0.5386408,2.4074895,0.13447621,0.3329193,2.3739614,0.28485796,-0.12843968,2.457678,0.41326067,-0.4344337,2.4248638,0.46410263,-0.4912873,2.360994]
[2,2,2,1,2,2,2,2,2,2,2,2,2,2,2,2,2,2,2,2]
[0.053630445,0.4031139,2.3773386,0.04328847,0.47379577,2.380099,-0.025319004,0.82415414,2.3582268,-0.023931291,0.9726201,2.2586093,-0.21404527,0.71139437,2.3746808,-0.4168059,0.7068427,2.334841,-0.63240284,0.7299003,2.2812998,-0.70889324,0.7432006,2.266675,0.12752083,0.73006064,2.3826754,0.28918755,0.6042123,2.4513323,0.31153637,0.41952485,2.3842037,0.3055017,0.3843735,2.3818483,-0.011497864,0.31978184,2.379703,0.015518397,-0.13490376,2.4363031,0.017377231,-0.47756293,2.4386208,0.0012923139,-0.53777117,2.4075768,0.13285597,0.3350275,2.3763845,0.31488502,-0.11115037,2.4558187,0.46236894,-0.40333784,2.4185247,0.5250041,-0.4633034,2.3702617]
[2,2,2,1,2,2,2,2,2,2,2,2,2,2,2,2,2,2,2,2]
[0.051127333,0.40413183,2.3790586,0.039437298,0.4747523,2.38063,-0.03355816,0.8242382,2.3579721,-0.03472806,0.97181875,2.2572863,-0.22121096,0.7119815,2.3740077,-0.42176035,0.71123636,2.3335707,-0.6355256,0.7413134,2.2805622,-0.7100044,0.75840396,2.2677333,0.120989144,0.729466,2.3823154,0.28399882,0.6069078,2.452569,0.28948486,0.41695452,2.3877223,0.28157103,0.36268297,2.378126,-0.0117417835,0.3198035,2.3806877,0.018241227,-0.12853047,2.4362981,0.017259208,-0.47672957,2.439299,0.0022537839,-0.53680617,2.407648,0.13115333,0.33703113,2.378751,0.33996722,-0.09877522,2.4517527,0.50371027,-0.37069285,2.4161499,0.57741493,-0.429533,2.384333]
[2,2,2,1,2,2,2,2,2,2,2,2,2,2,2,2,2,2,2,2]
[0.04803384,0.4053937,2.381126,0.035136845,0.47583926,2.3813593,-0.041144267,0.8242311,2.3576026,-0.050714523,0.97003555,2.255385,-0.2285842,0.71349114,2.3728101,-0.42536116,0.7145956,2.3325703,-0.6560543,0.76737463,2.274447,-0.7134491,0.76327217,2.2690141,0.11507092,0.7294383,2.3821776,0.27952316,0.60918033,2.4538026,0.27876058,0.41543788,2.3892791,0.27151918,0.35236838,2.3759758,-0.012194661,0.31993484,2.382107,0.02021655,-0.12402393,2.4364724,0.01723602,-0.47595707,2.4398603,0.0031128766,-0.53589547,2.4077094,0.12895162,0.33934632,2.381513,0.36310208,-0.08235202,2.4453993,0.53665596,-0.33780745,2.4109943,0.54522324,-0.3850512,2.353186]
[2,2,2,1,2,2,2,1,2,2,2,2,2,2,2,2,2,2,2,2]
[0.042525575,0.40700805,2.384475,0.028805364,0.47706452,2.3828032,-0.048156034,0.8240701,2.357041,-0.06634824,0.96857303,2.254107,-0.23565046,0.71541935,2.371444,-0.42840183,0.7171823,2.3317094,-0.6669155,0.77969074,2.2715032,-0.73783505,0.7971506,2.2595038,0.11007783,0.7298113,2.3823256,0.27455816,0.61179656,2.4554567,0.2718204,0.41483712,2.3898902,0.2667043,0.348443,2.3749459,-0.01468368,0.31988785,2.3859282,0.021961471,-0.12040473,2.4369552,0.017337706,-0.4751989,2.4403489,0.003869429,-0.535025,2.4077976,0.12476068,0.34230977,2.385474,0.38476726,-0.052986126,2.4351244,0.5790291,-0.3015809,2.4118407,0.5887118,-0.34306872,2.3482788]
[2,2,2,1,2,2,2,2,2,2,2,1,2,2,2,2,2,2,2,2]
[0.036818255,0.40854397,2.3876026,0.022372656,0.47818816,2.3842063,-0.055530477,0.82356083,2.356053,-0.07885751,0.967855,2.2534626,-0.24121489,0.7168288,2.370143,-0.43741903,0.72850335,2.3255012,-0.6698828,0.7889494,2.269056,-0.743494,0.81131077,2.2555394,0.10547426,0.73065954,2.3826203,0.27076447,0.6140098,2.456767,0.28957304,0.43691564,2.3805013,0.28843376,0.3661726,2.3626015,-0.017950593,0.31972894,2.3899946,0.02387062,-0.11724941,2.437919,0.017894095,-0.4740662,2.4408274,0.0045983065,-0.5339201,2.4080455,0.1201625,0.34541452,2.3892355,0.40164965,-0.013089256,2.4252064,0.611111,-0.25492197,2.4157062,0.6059754,-0.29371396,2.3436525]
[2,2,2,1,2,2,2,2,2,2,2,1,2,2,2,2,2,2,2,2]
[0.030534131,0.4100916,2.390613,0.015379095,0.4793369,2.3856993,-0.063395776,0.82308006,2.3551252,-0.08606784,0.9672856,2.2526846,-0.24632171,0.71811277,2.3687315,-0.4437325,0.7353496,2.3213456,-0.67168164,0.79478914,2.2673059,-0.7470666,0.8191652,2.2532527,0.10105615,0.7318005,2.383092,0.26685512,0.6165351,2.4581168,0.299912,0.4497675,2.3769727,0.3049011,0.38029045,2.3560364,-0.022073593,0.31946844,2.393961,0.025615698,-0.114656664,2.4390943,0.018625064,-0.47289503,2.4412346,0.0048714653,-0.5328929,2.4089854,0.114751525,0.34880194,2.3930118,0.4169315,0.039535142,2.4158773,0.63781434,-0.21570188,2.4214072,0.6274868,-0.25467077,2.345606]
[2,2,2,1,2,2,2,2,2,2,2,1,2,2,2,2,2,2,2,2]
[0.024665957,0.41140673,2.39306,0.008697171,0.48032838,2.3869803,-0.07261957,0.8225444,2.354243,-0.09049726,0.96692115,2.2521653,-0.25051305,0.7190648,2.3674798,-0.44630143,0.73698443,2.320239,-0.67453974,0.79734725,2.2664618,-0.74826854,0.8193881,2.253234,0.097154,0.73298275,2.383701,0.26310664,0.6192142,2.4593437,0.30432972,0.45693788,2.3753932,0.31395411,0.38958052,2.352517,-0.026209436,0.3191962,2.3972905,0.027742982,-0.112146795,2.440608,0.019869154,-0.47151646,2.4415894,0.0048557143,-0.5316871,2.4115734,0.10980039,0.35169917,2.3959982,0.424155,0.076709054,2.4117084,0.6543904,-0.17050941,2.425109,0.64562756,-0.21018767,2.3489923]
[2,2,2,1,2,2,2,2,2,2,2,1,2,2,2,2,2,2,2,2]
[0.018692244,0.4125989,2.395065,0.0021865144,0.4811715,2.3879817,-0.08054051,0.82187545,2.353292,-0.09367309,0.9666723,2.251829,-0.25451013,0.7198431,2.3661077,-0.44962692,0.740239,2.317465,-0.6740748,0.79875785,2.2647283,-0.7490726,0.82083493,2.2504394,0.09368644,0.7341968,2.3844051,0.25983512,0.62217975,2.4608157,0.30524975,0.4621548,2.3737702,0.31734887,0.39624155,2.349396,-0.03125909,0.31890246,2.4002404,0.03058207,-0.10983148,2.4425623,0.021236746,-0.47012943,2.4418867,0.00486505,-0.5305549,2.4140787,0.104930475,0.35421008,2.398499,0.42825836,0.09729504,2.4100933,0.66152143,-0.13973354,2.4257839,0.6551453,-0.18120451,2.350184]
[2,2,2,1,2,2,2,2,2,2,2,1,2,2,2,2,2,2,2,2]
[0.012783535,0.4134761,2.3966358,-0.003809493,0.4816973,2.388689,-0.08645252,0.82111746,2.3523784,-0.09600908,0.9664998,2.251572,-0.25800845,0.7203737,2.3647783,-0.4521105,0.74246776,2.315257,-0.67314416,0.7989287,2.2631996,-0.7492793,0.82062083,2.247833,0.08874578,0.7357478,2.3851478,0.25611714,0.6258583,2.462315,0.30408645,0.4670557,2.3724592,0.31855488,0.4023224,2.3470266,-0.036980886,0.31878105,2.402646,0.033700906,-0.10784353,2.4447486,0.02252929,-0.4689599,2.4422464,0.0052848314,-0.5297192,2.415094,0.099383466,0.35632116,2.4007835,0.43037158,0.11764271,2.4106371,0.6626737,-0.08323073,2.4277008,0.6676892,-0.15807474,2.4055636]
[2,2,2,1,2,2,2,2,2,2,2,1,2,2,2,2,2,2,2,2]
[0.0086656995,0.414042,2.3976383,-0.008025173,0.4820186,2.3891003,-0.090909496,0.82046616,2.3516116,-0.09775395,0.9663571,2.2513473,-0.2609756,0.7205777,2.3634648,-0.4540314,0.74401927,2.3134453,-0.6720237,0.7982571,2.261917,-0.7491295,0.81941336,2.2456298,0.083828956,0.7372027,2.3857076,0.25299528,0.6290319,2.4635394,0.30191165,0.47095075,2.3714907,0.31838626,0.40745255,2.3452532,-0.04100518,0.31872922,2.4041562,0.037114047,-0.1068509,2.4474113,0.023733323,-0.46799853,2.4425776,0.005659848,-0.52900517,2.4158192,0.09541591,0.35778627,2.4023447,0.43136495,0.13317822,2.411618,0.6638281,-0.056156516,2.429601,0.67711306,-0.12777412,2.4430404]
[2,2,2,1,2,2,2,2,2,2,2,1,2,2,2,2,2,2,2,2]
[0.003495388,0.41381088,2.3985503,-0.012636153,0.48178694,2.3894227,-0.09407252,0.820006,2.350999,-0.09919759,0.9661781,2.2510197,-0.2636227,0.7205352,2.3621538,-0.455832,0.74522763,2.3115509,-0.67102975,0.7972122,2.2608716,-0.7489185,0.8177945,2.2438936,0.07757291,0.73868155,2.385805,0.25046694,0.63181496,2.464612,0.2821076,0.4743961,2.368582,0.27457628,0.41780925,2.3379161,-0.04655126,0.31810912,2.4054067,0.040693454,-0.10607189,2.4502273,0.02479706,-0.46730277,2.4428468,0.0060986266,-0.52846766,2.4163334,0.08893448,0.35851428,2.404194,0.43269277,0.1440128,2.4127321,0.6641372,-0.025556114,2.4322164,0.6822256,-0.11269918,2.4589734]
[2,2,2,1,2,2,2,2,2,2,1,2,2,2,2,2,2,2,2,2]
[-7.912072E-4,0.41338876,2.3991532,-0.016473765,0.48139966,2.3895895,-0.09642111,0.8196399,2.3504918,-0.100896426,0.96557003,2.2501252,-0.26586747,0.720337,2.3608358,-0.4572263,0.7460663,2.309867,-0.6705464,0.79653144,2.260122,-0.7490119,0.8164954,2.2426577,0.07183887,0.7403436,2.385782,0.24812198,0.63426983,2.465435,0.2690604,0.47650695,2.3670168,0.25224298,0.42280498,2.3350618,-0.05109468,0.31751642,2.406121,0.044083778,-0.105478354,2.4529235,0.025786202,-0.4667316,2.4431126,0.007670073,-0.52774256,2.4162092,0.08355292,0.3588757,2.405566,0.43356517,0.1529463,2.4142573,0.6686267,0.009614332,2.433865,0.6878694,-0.090400964,2.4684043]
[2,2,2,1,2,2,2,2,2,2,1,2,2,2,2,2,2,2,2,2]
[-0.0038406325,0.4130406,2.399494,-0.019249061,0.48107103,2.389617,-0.09819367,0.8193236,2.349971,-0.10228704,0.96504545,2.2492342,-0.2678325,0.71984875,2.3593843,-0.45880172,0.7471695,2.3076308,-0.67024165,0.7961013,2.2595434,-0.7491352,0.815657,2.2417893,0.06773388,0.74160004,2.3858955,0.23929308,0.6435388,2.4692478,0.26705888,0.48402712,2.3684149,0.254997,0.4318154,2.3363018,-0.05436798,0.31710625,2.4064646,0.047022123,-0.10524609,2.4553008,0.026997477,-0.46623805,2.4433506,0.009737268,-0.5271736,2.416019,0.079888605,0.35907263,2.4064536,0.43443865,0.15973985,2.4157999,0.6721138,0.024524722,2.4346874,0.68908757,-0.042659156,2.403496]
[2,2,2,1,2,2,2,2,2,2,2,1,2,2,2,2,2,2,2,2]
[-0.008015068,0.41187808,2.399727,-0.022614772,0.4801797,2.3895054,-0.09954008,0.8190264,2.3494313,-0.10423703,0.9641887,2.2478743,-0.2694746,0.7192765,2.3578427,-0.4592873,0.74754256,2.306477,-0.6714354,0.7952216,2.2599964,-0.75017506,0.8151128,2.2414265,0.06408418,0.7424572,2.3859773,0.23067793,0.6520773,2.4734476,0.26408696,0.48542494,2.3679764,0.25677752,0.42950633,2.334116,-0.059400465,0.3161468,2.4063814,0.050052527,-0.105371416,2.4577084,0.02852948,-0.46582568,2.4436376,0.011399923,-0.52665436,2.4158473,0.074338764,0.3583402,2.407655,0.43483815,0.16493453,2.4171386,0.67667055,0.033527896,2.43541,0.69620454,-0.017034687,2.3769307]
[2,2,2,1,2,2,2,2,2,2,1,2,2,2,2,2,2,2,2,2]
[-0.010823319,0.41085392,2.3998036,-0.025028838,0.47932756,2.3893201,-0.100984834,0.81845933,2.3484735,-0.10658802,0.9631589,2.246249,-0.27089682,0.71847516,2.3560598,-0.45954773,0.7478358,2.3054626,-0.67254114,0.7949544,2.2604773,-0.7511754,0.8149348,2.2411973,0.060075186,0.74279773,2.385882,0.22577113,0.65678734,2.4758153,0.26202962,0.48609698,2.367558,0.25815967,0.4281705,2.3328319,-0.062177304,0.31536448,2.406162,0.052918643,-0.105727315,2.459874,0.030183792,-0.46561596,2.4439013,0.012855539,-0.52633524,2.4157133,0.0706743,0.35776237,2.4084287,0.43504933,0.16904312,2.4184346,0.6818906,0.039006438,2.4360166,0.69991994,-0.0045550466,2.362762]
[2,2,2,1,2,2,2,2,2,2,1,1,2,2,2,2,2,2,2,2]
[-0.014017059,0.40845466,2.3996918,-0.027844813,0.47733307,2.388917,-0.102333754,0.81777835,2.347372,-0.10847556,0.962416,2.2449772,-0.27235264,0.7171973,2.3537936,-0.45972618,0.7480836,2.30457,-0.6737989,0.7950898,2.2611108,-0.7523049,0.81518507,2.2411566,0.04382438,0.7337218,2.3804972,0.22201303,0.6598707,2.4776278,0.2606705,0.4864159,2.36711,0.26083335,0.42664108,2.3315282,-0.06455485,0.3143346,2.4057605,0.055882465,-0.106950946,2.4621325,0.03216362,-0.465572,2.4442115,0.014185626,-0.5261259,2.4156604,0.066602394,0.35624608,2.4091146,0.43513712,0.17215669,2.419518,0.7151079,0.031201078,2.4376156,0.7227854,-0.0045653023,2.3537047]
[2,2,2,1,2,2,2,2,2,2,1,1,2,2,2,2,2,2,2,2]
[-0.016034313,0.4062414,2.399442,-0.029795192,0.47540805,2.388435,-0.10374645,0.8168252,2.3459945,-0.11027808,0.9619532,2.2440743,-0.27395797,0.71543026,2.3513167,-0.4599116,0.7482885,2.303853,-0.67493427,0.7953649,2.2616918,-0.75335634,0.81564385,2.2412066,0.034308814,0.72795564,2.3770854,0.2189653,0.66214323,2.4792466,0.25986826,0.4862845,2.366652,0.2641545,0.4247246,2.3303466,-0.06588342,0.31325027,2.4052238,0.05845496,-0.10845535,2.4640157,0.034032825,-0.46562505,2.4444957,0.015317882,-0.5259981,2.4156456,0.06395642,0.35509425,2.4095175,0.43512493,0.17449464,2.4203553,0.7294621,0.02684506,2.4382632,0.7350223,-0.0072692363,2.350848]
[2,2,2,1,2,2,2,2,2,2,1,1,2,2,2,2,2,2,2,2]
[-0.017586902,0.40449476,2.3991425,-0.0313684,0.47377473,2.3879318,-0.10506081,0.8157128,2.3445961,-0.11179604,0.96161306,2.2434247,-0.2753524,0.7137299,2.3491495,-0.46005997,0.7484598,2.3032773,-0.6760099,0.7956479,2.2622092,-0.7543653,0.81616247,2.2413027,0.030402254,0.72605026,2.3761463,0.21639895,0.66386956,2.480845,0.25945556,0.48597968,2.3662417,0.2674109,0.42302406,2.3293438,-0.067095645,0.31219488,2.4045305,0.060557198,-0.10992909,2.4654498,0.035964675,-0.46587795,2.444875,0.016371557,-0.52599245,2.4157188,0.062078707,0.3541975,2.4097679,0.43507048,0.1763048,2.4210067,0.7352447,0.024120452,2.4388444,0.740073,-0.012007535,2.3516452]
[2,2,2,1,2,2,2,2,2,2,1,1,2,2,2,2,2,2,2,2]
[-0.018517472,0.40316653,2.3987918,-0.032420576,0.47244695,2.3874133,-0.10692352,0.81379557,2.3425462,-0.113132335,0.9614048,2.243034,-0.27663764,0.7120568,2.347208,-0.48485973,0.7524686,2.2974856,-0.6774547,0.7960742,2.2626896,-0.7557757,0.81686634,2.241449,0.027747938,0.72482014,2.3755097,0.21433578,0.6651501,2.4822552,0.25935763,0.48547888,2.3658617,0.2704128,0.4214397,2.3285222,-0.067636,0.31123528,2.4037442,0.06214767,-0.11121383,2.4664478,0.037522987,-0.4661253,2.4451892,0.017384507,-0.526077,2.4158287,0.06095652,0.35358557,2.409868,0.43501562,0.17757966,2.4214885,0.73395514,0.019952107,2.4400165,0.7374317,-0.018763412,2.3563895]
[2,2,2,1,2,2,2,2,2,2,1,1,2,2,2,2,2,2,2,2]
[-0.019288668,0.40215373,2.3983934,-0.033344906,0.4713422,2.3868341,-0.108621866,0.81200975,2.3406832,-0.11426781,0.96119446,2.2426825,-0.27769443,0.710632,2.34562,-0.4950855,0.7528812,2.2952335,-0.6783372,0.79615194,2.2630208,-0.75658935,0.8170555,2.2414834,0.026340082,0.724376,2.3755884,0.21271247,0.6661511,2.4836314,0.2637904,0.5008995,2.3696716,0.2783286,0.43740582,2.3323421,-0.0682169,0.31045446,2.4028866,0.06334871,-0.11234739,2.4671106,0.038755435,-0.46634865,2.4454353,0.018437719,-0.52623826,2.4159243,0.06014196,0.35306922,2.409875,0.43550563,0.17812175,2.4221356,0.712239,0.014405871,2.4428294,0.71814245,-0.02649691,2.3655941]
[2,2,2,1,2,2,2,2,2,2,2,1,2,2,2,2,2,2,2,2]
[-0.019789753,0.4013645,2.3979628,-0.034002,0.47045854,2.3862665,-0.11007248,0.81047195,2.3391335,-0.11537284,0.9609515,2.242344,-0.2785936,0.7093796,2.344263,-0.5007215,0.7526591,2.2940853,-0.6791709,0.7956786,2.2632244,-0.75754386,0.815945,2.240858,0.026059851,0.72458726,2.3761394,0.21147844,0.6668929,2.4847212,0.2679107,0.51080203,2.3728647,0.28540528,0.44985732,2.3361928,-0.06850216,0.309754,2.401973,0.06419619,-0.11312886,2.4674926,0.03973321,-0.46653554,2.4456165,0.019356076,-0.52640116,2.4159968,0.059654564,0.35263523,2.409744,0.43659863,0.17730418,2.4230957,0.6911676,0.007431885,2.4445486,0.69957775,-0.034817476,2.371902]
[2,2,2,1,2,2,2,2,2,2,2,1,2,2,2,2,2,2,2,2]
[-0.02023795,0.40075713,2.397472,-0.03458532,0.4697448,2.3856633,-0.11114401,0.80930966,2.3379579,-0.11633912,0.9607631,2.2420833,-0.2792986,0.70823187,2.3430178,-0.50436425,0.75236166,2.293284,-0.6803236,0.7937355,2.262909,-0.7589429,0.8120861,2.2389634,0.027638564,0.72665787,2.3777907,0.21067898,0.6672746,2.4853086,0.27001846,0.51516926,2.374303,0.28963178,0.4565932,2.3384676,-0.068975404,0.30913296,2.4009228,0.064818,-0.11373085,2.4676867,0.040531218,-0.46669167,2.4457486,0.02010906,-0.52651596,2.4160016,0.059311565,0.35227382,2.4095273,0.43806025,0.17488055,2.4242063,0.6774959,0.0026484877,2.4460855,0.687629,-0.040283654,2.3759658]
[2,2,2,1,2,2,2,2,2,2,2,1,2,2,2,2,2,2,2,2]
[-0.02066515,0.40025488,2.3969288,-0.035122648,0.4691414,2.3850348,-0.11192554,0.8084451,2.337054,-0.11726582,0.9606279,2.2418814,-0.27986386,0.70726144,2.3418963,-0.5070053,0.75150514,2.2924604,-0.68235207,0.7880474,2.261144,-0.7635195,0.79043615,2.2347817,0.029489474,0.72865695,2.3792367,0.21012464,0.6673026,2.4856637,0.27142227,0.5176224,2.3753417,0.2924382,0.46055308,2.340202,-0.069570296,0.30855316,2.3998516,0.065259315,-0.114176825,2.4677236,0.041155003,-0.4668251,2.4458535,0.020758286,-0.52661574,2.4159696,0.059026837,0.3519201,2.4092224,0.43811792,0.17039831,2.4252453,0.6579037,-0.014535485,2.448294,0.70273775,-0.03642088,2.4297054]
[2,2,2,1,2,2,2,2,2,2,2,1,2,2,2,2,2,2,2,2]
[-0.020730538,0.3997208,2.3961625,-0.035342038,0.4685592,2.3842626,-0.112420134,0.80785936,2.3363085,-0.118218265,0.96058637,2.2416854,-0.28028825,0.7063801,2.340828,-0.5031325,0.7405658,2.2897532,-0.6790535,0.776249,2.2575867,-0.74832493,0.7768241,2.232716,0.0300134,0.72898555,2.3792877,0.20990695,0.66690105,2.4857466,0.272579,0.5190369,2.376083,0.2943472,0.4630953,2.341342,-0.069548905,0.3079621,2.3985941,0.06553667,-0.11445935,2.4675763,0.04161675,-0.46694043,2.4459398,0.021160215,-0.5266904,2.4159765,0.059021454,0.35154328,2.4086914,0.43816823,0.15866436,2.426912,0.64478016,-0.038864266,2.450061,0.68022156,-0.101961486,2.464843]
[2,2,2,1,2,2,2,2,2,2,2,1,2,2,2,2,2,2,2,2]
[-0.02040506,0.39925,2.395128,-0.03525269,0.46807227,2.3833232,-0.11272254,0.8074961,2.3357074,-0.119139045,0.96055657,2.241386,-0.28052184,0.70560926,2.3397734,-0.5000091,0.73294526,2.287932,-0.6764925,0.76550156,2.2534647,-0.7471458,0.76476175,2.2282262,0.030677274,0.72913396,2.379061,0.21013361,0.6658369,2.4854374,0.27387062,0.5187689,2.3769014,0.29583535,0.46460623,2.3424199,-0.06909307,0.3075407,2.3970957,0.06559031,-0.11463483,2.4672182,0.04193628,-0.46703866,2.4460187,0.021401191,-0.5267276,2.415983,0.05955537,0.35110158,2.4077208,0.43593878,0.14597797,2.427641,0.63856953,-0.077607736,2.449283,0.6643298,-0.15329176,2.480559]
[2,2,2,1,2,2,2,2,2,2,2,1,2,2,2,2,2,2,2,2]
[-0.019332398,0.39890775,2.3936107,-0.034546576,0.46772268,2.381928,-0.112721376,0.807432,2.3348215,-0.11956314,0.96064126,2.2410414,-0.2805435,0.70493156,2.3386993,-0.49719536,0.7263654,2.286292,-0.6743131,0.7543869,2.2482486,-0.746685,0.7566526,2.2239027,0.031542037,0.7291294,2.3784919,0.21059746,0.6645781,2.4849555,0.2757407,0.5164538,2.3788457,0.297507,0.46466556,2.344582,-0.067771606,0.3074092,2.395242,0.06507926,-0.11475757,2.4663906,0.042154573,-0.4671462,2.4461198,0.021541085,-0.52676743,2.4160054,0.06093474,0.35071054,2.406154,0.43017802,0.09879902,2.4314892,0.6353365,-0.12432313,2.4457638,0.6546687,-0.20302689,2.4787345]
[2,2,2,1,2,2,2,2,2,2,2,1,2,2,2,2,2,2,2,2]
[-0.01671789,0.39994007,2.3910594,-0.0326838,0.46834737,2.3796997,-0.11242435,0.80760616,2.3338103,-0.119695194,0.9608306,2.240592,-0.28042835,0.70439327,2.3377295,-0.48902586,0.7167358,2.2803943,-0.6676104,0.7434771,2.2389066,-0.7440105,0.74976695,2.2182324,0.057701383,0.74900085,2.3874834,0.21102796,0.6631534,2.4842343,0.27756283,0.51312375,2.3811884,0.29915726,0.46349287,2.3474193,-0.06597458,0.30758905,2.3933284,0.063379794,-0.11463746,2.4647768,0.042161055,-0.46725482,2.4462433,0.021170279,-0.5269217,2.4163685,0.06593934,0.3518454,2.4026177,0.42450148,0.06978835,2.4326603,0.6314868,-0.18157938,2.4401708,0.64653844,-0.23762327,2.40539]
[2,2,2,1,2,2,2,2,2,2,2,1,2,2,2,2,2,2,2,2]
[-0.014079602,0.40090853,2.3886878,-0.030616168,0.46906614,2.3775315,-0.111731075,0.80824906,2.3326871,-0.117682345,0.9620979,2.2401304,-0.2798092,0.7039259,2.3366604,-0.48357818,0.71027654,2.2761996,-0.6624907,0.7316353,2.23009,-0.74153537,0.73987216,2.210753,0.06415517,0.75197136,2.3876722,0.21243662,0.66034704,2.4828687,0.28033704,0.5071103,2.3842154,0.30136243,0.45995736,2.3512864,-0.0638449,0.30791795,2.3912811,0.059890896,-0.11432418,2.4622521,0.041763302,-0.4672445,2.4464295,0.020110503,-0.527089,2.4173858,0.070180275,0.35267425,2.399718,0.41212237,0.020640232,2.433487,0.62398213,-0.22937551,2.4346359,0.63277763,-0.27843425,2.374576]
[2,2,2,1,2,2,2,2,2,2,2,1,2,2,2,2,2,2,2,2]
[-0.010448571,0.40250033,2.3860536,-0.027252458,0.4706114,2.3749754,-0.10903031,0.81064504,2.3312666,-0.11569649,0.96346074,2.2390347,-0.27852648,0.7035558,2.3355858,-0.4733197,0.7004428,2.2759042,-0.65326923,0.71652734,2.2275028,-0.7323224,0.71966594,2.205325,0.06973049,0.7539611,2.3877118,0.21704838,0.6528041,2.479721,0.28440678,0.49571458,2.3864336,0.3041062,0.45225072,2.3551154,-0.061085075,0.30861467,2.3890448,0.05527937,-0.11359983,2.459317,0.04094987,-0.4670857,2.446618,0.018053759,-0.52718925,2.4191892,0.075353414,0.35363635,2.3966823,0.4032781,-0.011109607,2.4336245,0.61481977,-0.27172738,2.4303138,0.62224525,-0.31268305,2.3497477]
[2,2,2,1,2,2,2,2,2,2,2,1,2,2,2,2,2,2,2,2]
[-0.004053249,0.40506822,2.382742,-0.021063384,0.47317854,2.37181,-0.10399295,0.813883,2.3299067,-0.1142593,0.9645905,2.2379408,-0.2758751,0.70343924,2.3345118,-0.46529317,0.69315964,2.276296,-0.652612,0.6893111,2.22097,-0.7324933,0.6979984,2.1981888,0.07359463,0.7551881,2.3875294,0.2240489,0.64283574,2.4756074,0.28990722,0.4809968,2.3897035,0.30808985,0.43989116,2.3606708,-0.05488971,0.3108965,2.385679,0.04780741,-0.11222611,2.455644,0.039783612,-0.4668966,2.446757,0.014869952,-0.5273157,2.4217856,0.082721174,0.3548994,2.3930907,0.3812342,-0.03857348,2.4337587,0.57182854,-0.30694437,2.423209,0.5794107,-0.34422147,2.3343394]
[2,2,2,1,2,2,2,2,2,2,2,1,2,2,2,2,2,2,2,2]
[9.620185E-4,0.4066495,2.3803937,-0.015924167,0.4749043,2.3695402,-0.0973892,0.8174049,2.3292022,-0.111330464,0.96588135,2.2364597,-0.27190402,0.7037852,2.3337576,-0.45334917,0.682671,2.2785637,-0.632501,0.6510195,2.2216601,-0.71319276,0.657555,2.196887,0.07745197,0.7540032,2.3856742,0.2290515,0.63573,2.4724174,0.29658338,0.471151,2.3930357,0.31445965,0.42935622,2.3665888,-0.05017838,0.3124721,2.3832977,0.03967096,-0.11088517,2.4522026,0.03839354,-0.46666932,2.4468412,0.0122823985,-0.5274346,2.4237587,0.088060886,0.35536337,2.3905346,0.36264414,-0.06812528,2.4335368,0.5291115,-0.3514524,2.4161973,0.53688604,-0.38826045,2.3279667]
[2,2,2,1,2,2,2,2,2,2,2,1,2,2,2,2,2,2,2,2]
[0.0050377054,0.40767032,2.3786411,-0.011462881,0.4761059,2.3678515,-0.08966056,0.82058114,2.329275,-0.10767179,0.9670578,2.2350981,-0.26658237,0.70426214,2.3335695,-0.44394392,0.6724597,2.2806895,-0.6227538,0.6342935,2.2218957,-0.70248294,0.6365057,2.196315,0.08081372,0.7519525,2.383265,0.23277572,0.6305921,2.4701886,0.30134374,0.464687,2.3952427,0.31970173,0.42127034,2.3710403,-0.046587456,0.31373549,2.381506,0.03313104,-0.1099352,2.4494944,0.036321152,-0.4664579,2.446986,0.01022305,-0.5276632,2.425154,0.0925143,0.3551468,2.3884852,0.34674904,-0.08912496,2.4320898,0.47695965,-0.38737524,2.4105873,0.48492897,-0.42539343,2.327294]
[2,2,2,1,2,2,2,2,2,2,2,1,2,2,2,2,2,2,2,2]
[0.010152935,0.40778336,2.377011,-0.005664635,0.4765561,2.3663511,-0.07928684,0.8238536,2.329798,-0.10454558,0.9679348,2.2339058,-0.2584618,0.7039415,2.3345144,-0.43627623,0.6637676,2.2830005,-0.6147781,0.62176937,2.2221627,-0.69382846,0.61947,2.1971781,0.08415239,0.74898595,2.3802743,0.23649131,0.6248577,2.4680552,0.30618832,0.45855644,2.396729,0.32506713,0.41356337,2.3744612,-0.042665914,0.31484136,2.3798258,0.02779083,-0.109417364,2.4472616,0.033908572,-0.46625057,2.44711,0.008729221,-0.5278557,2.4259763,0.097816125,0.35333562,2.3865056,0.322013,-0.11448919,2.4303648,0.42591003,-0.4301796,2.406926,0.47767895,-0.46774846,2.359012]
[2,2,2,1,2,2,2,2,2,2,2,1,2,2,2,2,2,2,2,2]
[0.015945338,0.406962,2.3755727,4.4580176E-4,0.47629267,2.365166,-0.07141359,0.82625365,2.3304048,-0.0988471,0.9695361,2.2330012,-0.24978068,0.70315796,2.336064,-0.41713178,0.64215845,2.2912805,-0.5938153,0.6010827,2.221712,-0.67013556,0.584554,2.2003198,0.0876761,0.7454941,2.376941,0.24144223,0.6155064,2.4652438,0.3017348,0.44367415,2.3964303,0.3212321,0.39838153,2.376531,-0.037097115,0.3157802,2.3781228,0.02367654,-0.109496705,2.4453654,0.03145877,-0.46617037,2.44721,0.007465444,-0.52806836,2.4264755,0.10289893,0.35055634,2.3846822,0.29592496,-0.12983055,2.429023,0.3796904,-0.456046,2.4015558,0.4379995,-0.5067975,2.3736355]
[2,2,2,1,2,2,2,2,2,2,2,1,2,2,2,2,2,2,2,2]
[0.020805024,0.40574232,2.3743432,0.0056587695,0.4756272,2.3642232,-0.06313372,0.82846653,2.3315625,-0.09485487,0.9706221,2.2324905,-0.23978718,0.70135844,2.3381796,-0.40633294,0.6327049,2.2951987,-0.5807001,0.5887616,2.2235982,-0.63178575,0.5484615,2.2149258,0.09117765,0.74196315,2.3735173,0.24481551,0.60806924,2.4629927,0.2867691,0.4168296,2.3897252,0.3067533,0.37020776,2.3725746,-0.032847356,0.31634325,2.376742,0.019575527,-0.11007082,2.4433742,0.029259741,-0.4661707,2.4472861,0.0063862046,-0.5282629,2.4267032,0.107005045,0.34759596,2.382993,0.26244083,-0.14881106,2.428049,0.33740136,-0.4918277,2.402228,0.4010629,-0.5355145,2.373168]
[2,2,2,1,2,2,2,2,2,2,2,1,2,2,2,2,2,2,2,2]
[0.02534599,0.4038388,2.3731167,0.010497062,0.4743998,2.3634062,-0.05546716,0.8301339,2.3332353,-0.08865847,0.9723986,2.2330396,-0.22996147,0.6991805,2.3404558,-0.39668655,0.62501186,2.2980652,-0.5646498,0.570463,2.2278357,-0.6171777,0.5367783,2.2205176,0.095210746,0.73815167,2.3699543,0.24815953,0.5997153,2.460167,0.28330326,0.40740582,2.386705,0.30170348,0.35780978,2.3700545,-0.02921651,0.31645447,2.375359,0.015588341,-0.111387365,2.4416049,0.027198525,-0.46627226,2.447403,0.005449808,-0.52847433,2.4267268,0.11065542,0.3440967,2.3812273,0.2268631,-0.15880147,2.4285872,0.28559238,-0.493667,2.3975358,0.3373973,-0.5483515,2.3696134]
[2,2,2,1,2,2,2,2,2,2,2,1,2,2,2,2,2,2,2,2]
[0.029015925,0.4020693,2.3719378,0.014553779,0.47318193,2.3626537,-0.047705732,0.8314207,2.3355367,-0.078324445,0.97532034,2.2354202,-0.22034521,0.696844,2.3428936,-0.38611704,0.6169329,2.301878,-0.56307936,0.5267321,2.2266057,-0.6235526,0.49432096,2.2041636,0.09903115,0.734902,2.366911,0.2504321,0.5938108,2.45786,0.2813256,0.40117773,2.384519,0.29841453,0.34912303,2.367913,-0.026050586,0.31624946,2.373834,0.010015843,-0.117728375,2.4401832,0.025388658,-0.46647894,2.4475725,0.0046226075,-0.528711,2.4265926,0.113267265,0.3415019,2.379613,0.1994892,-0.16350426,2.4279134,0.22621919,-0.48538882,2.3962958,0.26217437,-0.55045086,2.3670845]
[2,2,2,1,2,2,2,2,2,2,2,1,2,2,2,2,2,2,2,2]
[0.031983845,0.40042326,2.3707902,0.018031288,0.47197968,2.361912,-0.039227318,0.83253366,2.3381128,-0.07124604,0.97748697,2.2377262,-0.21197708,0.6950221,2.3455331,-0.3753931,0.6064775,2.306632,-0.55232346,0.505591,2.2296224,-0.598422,0.45931253,2.2126718,0.103772834,0.7317437,2.36401,0.2521729,0.58992124,2.4560697,0.2804709,0.3969624,2.382208,0.29647166,0.3430408,2.3657205,-0.023576353,0.31582728,2.3724604,0.0056107026,-0.12688759,2.4398396,0.02365116,-0.46672785,2.4477475,0.0040253494,-0.5289462,2.4261825,0.11528195,0.33935088,2.3778317,0.1842176,-0.16522324,2.4275506,0.18243888,-0.47419822,2.3965569,0.19912043,-0.5431125,2.3671699]
[2,2,2,1,2,2,2,2,2,2,2,1,2,2,2,2,2,2,2,2]
[0.034187704,0.39881018,2.3696666,0.020724887,0.47078863,2.3612072,-0.03171933,0.83292085,2.3402073,-0.060881503,0.98174405,2.2431505,-0.20453449,0.69366527,2.3483171,-0.36504915,0.59393984,2.3120558,-0.5298526,0.48525086,2.2366323,-0.57316554,0.43712044,2.2150998,0.10854777,0.7290942,2.361428,0.25433147,0.58689386,2.4538457,0.28033474,0.39419687,2.3799846,0.29509872,0.33867338,2.3639133,-0.021859873,0.31527674,2.3712783,0.004297259,-0.14091174,2.4410343,0.022394657,-0.46723795,2.4478695,0.0033332806,-0.5293885,2.4254193,0.11659679,0.33709297,2.3755424,0.1665459,-0.16713884,2.4282458,0.1279985,-0.47276366,2.4035273,0.16519912,-0.53816074,2.370225]
[2,2,2,1,2,2,2,2,2,2,2,1,2,2,2,2,2,2,2,2]
[0.036131162,0.39671034,2.3684042,0.023264525,0.4692568,2.3604608,-0.02321945,0.8335126,2.342493,-0.05342126,0.9854461,2.248281,-0.19609603,0.69256526,2.351832,-0.35744783,0.5820383,2.317279,-0.514684,0.46728647,2.2411911,-0.56088746,0.42525193,2.2165716,0.11403538,0.72677654,2.3589118,0.25687286,0.58461344,2.4512036,0.2810714,0.39253992,2.3772726,0.29424593,0.33538535,2.3618748,-0.020549275,0.31444183,2.3701649,0.004372972,-0.14954081,2.442026,0.021397531,-0.4678041,2.447961,0.0029339215,-0.52990466,2.4243999,0.117449686,0.3344666,2.3728354,0.14781924,-0.15835747,2.4303355,0.10810834,-0.47254828,2.4052138,0.15340354,-0.53361356,2.371694]
[2,2,2,1,2,2,2,2,2,2,2,1,2,2,2,2,2,2,2,2]
[0.03772038,0.3950682,2.367355,0.025578944,0.46796298,2.3598173,-0.016187359,0.83379656,2.344498,-0.04663881,0.9885005,2.2529814,-0.18498266,0.691768,2.356167,-0.33989602,0.56036943,2.3315065,-0.49826697,0.42791697,2.2457724,-0.55625707,0.3862371,2.2063258,0.12554726,0.7278208,2.3573902,0.2626249,0.581948,2.4458466,0.28941336,0.3958414,2.3713484,0.29711336,0.33517197,2.3581157,-0.01952045,0.31367546,2.3692245,0.004653539,-0.15375265,2.4425516,0.021095257,-0.46887025,2.4475043,0.0010882621,-0.53047395,2.4230437,0.11809475,0.33258122,2.3706377,0.13724296,-0.1511526,2.4319415,0.10530848,-0.47192037,2.4082067,0.13480245,-0.5349204,2.3776724]
[2,2,2,1,2,2,2,2,2,2,2,1,2,2,2,2,2,2,2,2]
[0.03898501,0.39379576,2.3665032,0.027627856,0.4668657,2.3592713,-0.009806001,0.8333903,2.346218,-0.038642123,0.99169356,2.2587817,-0.17630714,0.6912842,2.3600507,-0.32287145,0.546847,2.342879,-0.48439857,0.40343794,2.2509577,-0.54406345,0.36350965,2.2042089,0.1371501,0.7300037,2.3565614,0.26905757,0.5797263,2.4410288,0.29555264,0.3977606,2.3670928,0.29998603,0.3353321,2.354636,-0.018794436,0.31301513,2.3684876,0.005417591,-0.1560166,2.4429307,0.020975688,-0.47003278,2.4468217,0.04071844,-0.52889115,2.40668,0.1187735,0.33110502,2.3686764,0.13123746,-0.14530922,2.4331012,0.10274099,-0.47192755,2.411009,0.12563352,-0.5345071,2.3794208]
[2,2,2,1,2,2,2,2,2,2,2,1,2,2,2,2,2,2,2,2]
[0.040248536,0.39281663,2.3657818,0.029975927,0.46592712,2.3588016,-0.0029940675,0.8325814,2.3478107,-0.032042235,0.99415106,2.2640572,-0.1690413,0.69108987,2.3637626,-0.30861172,0.5234837,2.3604944,-0.46604243,0.37857684,2.2597325,-0.5227753,0.34273553,2.2109745,0.14819963,0.7319704,2.3563025,0.27618167,0.5774468,2.4367335,0.30000988,0.39836118,2.3641706,0.30246592,0.33525994,2.3517992,-0.01824141,0.31247053,2.367915,0.0064511443,-0.15681086,2.4432485,0.020986142,-0.4712622,2.4459565,0.05783175,-0.5287339,2.4004297,0.11967299,0.3299526,2.3669572,0.1276404,-0.14194708,2.4338517,0.1082275,-0.47108787,2.4141026,0.12397879,-0.53332394,2.3821344]
[2,2,2,1,2,2,2,2,2,2,2,1,2,2,2,2,2,2,2,2]
[0.041517954,0.39203003,2.3651817,0.032549497,0.4651181,2.3584938,0.00474926,0.8314318,2.3496673,-0.023439324,0.99649477,2.269986,-0.16154093,0.69071573,2.3681436,-0.3011755,0.5093756,2.3700948,-0.43788743,0.35543105,2.2814136,-0.5028681,0.32242513,2.2215173,0.15640487,0.7332029,2.3559191,0.2864299,0.57573843,2.432481,0.30303705,0.3978585,2.36242,0.30385882,0.3345418,2.3500578,-0.017804028,0.31203958,2.3674755,0.0073392945,-0.15715681,2.4434178,0.021092009,-0.47247702,2.4449954,0.06613403,-0.52874404,2.3974354,0.120587476,0.3290399,2.3655252,0.12606469,-0.13897943,2.434349,0.11666109,-0.47062126,2.4161613,0.12792198,-0.53214854,2.3843725]
[2,2,2,1,2,2,2,2,2,2,2,1,2,2,2,2,2,2,2,2]
[0.04336876,0.3910494,2.3646073,0.036042552,0.4640319,2.3583546,0.01309238,0.83021474,2.3513408,-0.017537305,0.99807256,2.2748017,-0.15331335,0.69051015,2.3729036,-0.29328132,0.49784353,2.3793557,-0.40091327,0.34017524,2.3073301,-0.47359788,0.29601,2.2436264,0.16394545,0.733222,2.3553796,0.2961703,0.5741044,2.429282,0.30523863,0.39726397,2.3612702,0.3047671,0.33397672,2.348838,-0.017336667,0.31155452,2.3671503,0.008145451,-0.15718079,2.4434311,0.021082701,-0.4735539,2.4440536,0.034914132,-0.5343897,2.401423,0.122052066,0.3279415,2.3639479,0.12623408,-0.13651769,2.4346154,0.12326981,-0.47036883,2.4173787,0.13352633,-0.5311767,2.3856368]
[2,2,2,1,2,2,2,2,2,2,2,1,2,2,2,2,2,2,2,2]
[0.045771763,0.3901244,2.364067,0.04002369,0.46307483,2.3583353,0.020371042,0.8294618,2.3525426,-0.012983152,0.9991071,2.2782195,-0.145533,0.6905621,2.3773057,-0.280974,0.4846189,2.390021,-0.38027525,0.3316784,2.3205173,-0.44794267,0.2731421,2.2634323,0.1734375,0.73224676,2.3555372,0.30418867,0.5723994,2.4270794,0.3073522,0.396326,2.3604581,0.30565247,0.33342287,2.3478312,-0.016735096,0.31107643,2.366905,0.008736715,-0.15702581,2.4433293,0.021071507,-0.47451296,2.4430885,0.022262946,-0.5371529,2.4021304,0.12412027,0.32675323,2.3623295,0.12738611,-0.13459124,2.4347143,0.12823625,-0.4702507,2.418041,0.1400057,-0.5302314,2.3860106]
[2,2,2,1,2,2,2,2,2,2,2,1,2,2,2,2,2,2,2,2]
[0.04827463,0.3892921,2.363602,0.04383674,0.46223015,2.3584375,0.026944444,0.8286977,2.353573,-0.008927135,0.99984974,2.2813373,-0.13879931,0.69073004,2.3808482,-0.26457307,0.47653818,2.4004986,-0.35550523,0.3251168,2.3371115,-0.4034433,0.2604392,2.2918696,0.1796296,0.7312338,2.3555207,0.30955312,0.5713367,2.4256158,0.3095624,0.39506605,2.3600054,0.30676582,0.3327545,2.347013,-0.015919864,0.310628,2.3667383,0.0092157405,-0.15679629,2.4431384,0.021083906,-0.4753436,2.442145,0.015739428,-0.53869665,2.4023452,0.12605268,0.3257226,2.3609285,0.12951107,-0.13297893,2.4347513,0.13182391,-0.47019446,2.4183686,0.14526045,-0.5295922,2.3860419]
[2,2,2,1,2,2,2,2,2,2,2,1,2,2,2,2,2,2,2,2]
[0.051634558,0.38866436,2.3631105,0.048334874,0.46160755,2.3586292,0.03358837,0.8278877,2.3544047,-0.0031493688,1.0011016,2.2858045,-0.13213083,0.69086903,2.3836787,-0.2223593,0.4902978,2.4126868,-0.33654207,0.3229522,2.3497553,-0.37156457,0.25537625,2.314926,0.1864237,0.7304954,2.3560047,0.31423405,0.5705807,2.4246387,0.31180543,0.39351827,2.3597481,0.30799627,0.3319162,2.3463063,-0.01441353,0.31028566,2.3666074,0.0095986165,-0.15657097,2.442873,0.021106668,-0.47611493,2.4412313,0.010742994,-0.5397597,2.402606,0.12863846,0.32472283,2.3594668,0.1321118,-0.13169332,2.4348118,0.13426568,-0.4703256,2.4185581,0.14857167,-0.52964944,2.3863661]
[2,2,2,1,2,2,2,2,2,2,2,1,2,2,2,2,2,2,2,2]
[0.055621646,0.38817298,2.3626575,0.053262167,0.46112514,2.3589463,0.040578507,0.8271295,2.3551552,0.0011592882,1.0019277,2.2896447,-0.1250946,0.69148755,2.3861244,-0.2029636,0.4969436,2.4184585,-0.32091814,0.31802082,2.3616412,-0.34743553,0.24514608,2.3351839,0.19260895,0.730038,2.3567107,0.3180922,0.5699292,2.424248,0.3149443,0.39189076,2.3599188,0.31557977,0.33003965,2.3466668,-0.011959698,0.3100866,2.3664477,0.009917863,-0.15632045,2.442573,0.021097984,-0.4767873,2.44039,0.0072956593,-0.54047936,2.402804,0.1314973,0.32380795,2.3581955,0.13485546,-0.13066761,2.4349349,0.13613456,-0.47058833,2.4187372,0.15020515,-0.5297799,2.3864899]
[2,2,2,1,2,2,2,2,2,2,2,2,2,2,2,2,2,2,2,2]
[0.059617028,0.38778955,2.3622248,0.05799905,0.4607515,2.359363,0.04780884,0.8265312,2.3561788,0.0072369473,1.0025249,2.2931368,-0.11878231,0.6919992,2.3876855,-0.19222991,0.49915275,2.421851,-0.30826834,0.31382024,2.3702452,-0.3339647,0.23966233,2.345309,0.1981964,0.7295725,2.3576279,0.32158074,0.5694182,2.424208,0.31804276,0.39041477,2.3602347,0.32068717,0.328618,2.347015,-0.009012969,0.31002846,2.3661983,0.010202706,-0.15606219,2.442245,0.02112713,-0.4774395,2.4395823,0.0049425676,-0.54100794,2.402913,0.13432343,0.322979,2.3570745,0.1384145,-0.13114873,2.4354765,0.13774216,-0.47101235,2.418916,0.15137133,-0.5300258,2.3864942]
[2,2,2,1,2,2,2,2,2,2,2,2,2,2,2,2,2,2,2,2]
[0.06352017,0.3876292,2.3617299,0.062331203,0.4605941,2.3597825,0.05354955,0.826204,2.357065,0.012926644,1.0028776,2.295732,-0.113036074,0.69295543,2.3889315,-0.1849382,0.500211,2.4243515,-0.2964925,0.3094915,2.3775072,-0.3244411,0.23585437,2.3520637,0.2041092,0.72922033,2.3588872,0.32428122,0.56908166,2.4242792,0.32133868,0.3890137,2.3608265,0.32475996,0.32743686,2.3475244,-0.0058596786,0.31018046,2.3658304,0.010449185,-0.15579875,2.4419181,0.021203533,-0.47800538,2.438837,0.003410432,-0.54139245,2.4029582,0.13745973,0.32225233,2.3558686,0.14214347,-0.1325829,2.436203,0.13917339,-0.47154844,2.419162,0.15229505,-0.5303687,2.3864746]
[2,2,2,1,2,2,2,2,2,2,2,2,2,2,2,2,2,2,2,2]
[0.06673875,0.3875594,2.3613403,0.06583811,0.46051338,2.360241,0.05794657,0.82594645,2.3577535,0.016566195,1.002954,2.2975147,-0.108635776,0.69381666,2.389942,-0.1797692,0.50079507,2.426222,-0.2874476,0.3058214,2.3830118,-0.31746146,0.23284563,2.3573177,0.20906053,0.7289927,2.3600028,0.32664582,0.56894785,2.4244876,0.3243159,0.3879259,2.3614564,0.3274027,0.32667115,2.3478575,-0.0031123643,0.31038305,2.3655162,0.0106783,-0.15556933,2.441605,0.021295033,-0.47849512,2.438184,0.0022775447,-0.54167974,2.4029999,0.14019145,0.3216315,2.3548934,0.14508037,-0.13323782,2.4367533,0.14028582,-0.4720478,2.4193802,0.15297605,-0.53072375,2.3864186]
[2,2,2,1,2,2,2,2,2,2,2,2,2,2,2,2,2,2,2,2]
[0.06935683,0.3876094,2.361012,0.06866317,0.46054384,2.3607147,0.061394572,0.8258174,2.3583903,0.019764056,1.0029092,2.2988229,-0.10493725,0.6948039,2.3909786,-0.17589507,0.5009466,2.427537,-0.28133065,0.30322126,2.3868132,-0.31253296,0.2306998,2.3611016,0.21289355,0.72879106,2.3608239,0.32906666,0.5690959,2.4248662,0.32701164,0.38722274,2.3619595,0.32920745,0.3262169,2.3480694,-7.710209E-4,0.31068248,2.3652627,0.010901317,-0.15536536,2.4412982,0.02139954,-0.47891012,2.4376154,0.0014261489,-0.5418873,2.4030411,0.14255244,0.32117096,2.3540034,0.14786182,-0.13465,2.4372826,0.14117518,-0.4725241,2.4195676,0.15344144,-0.5310844,2.3862956]
[2,2,2,1,2,2,2,2,2,2,2,2,2,2,2,2,2,2,2,2]
[0.07161907,0.387736,2.3607638,0.07113276,0.4606624,2.3612647,0.06437174,0.8258617,2.3590183,0.021668956,1.002923,2.299935,-0.10186646,0.6957921,2.3919933,-0.17298576,0.500915,2.4285448,-0.27681604,0.30158535,2.389695,-0.3089072,0.22918385,2.3641448,0.21626335,0.72859067,2.361511,0.33175132,0.5696038,2.4251757,0.33180922,0.3880527,2.3625996,0.33073768,0.32662407,2.348344,0.0012893722,0.31104255,2.3650863,0.011120131,-0.1551941,2.4410095,0.021617018,-0.47926703,2.4370592,8.107147E-4,-0.5420261,2.4031024,0.14467223,0.3207922,2.3532522,0.14997925,-0.13525176,2.4375806,0.14191309,-0.47301254,2.4197114,0.15452065,-0.53158396,2.3861406]
[2,2,2,1,2,2,2,2,2,2,2,2,2,2,2,2,2,2,2,2]
[0.07355917,0.38795176,2.3605845,0.07327208,0.4608514,2.3618445,0.067016356,0.82582015,2.3595047,0.023909446,1.0028149,2.3008275,-0.099047475,0.6969896,2.3932118,-0.17096435,0.50063914,2.4291885,-0.27378783,0.30050135,2.3916311,-0.30663687,0.22830963,2.366416,0.21923736,0.72842425,2.3620832,0.33462733,0.5702917,2.4253972,0.3362308,0.38909566,2.3629262,0.3321592,0.32928288,2.349112,0.003087719,0.31147268,2.3649898,0.011332633,-0.15504663,2.440741,0.02185917,-0.4795646,2.4365535,0.035770953,-0.5364546,2.39843,0.14646582,0.32053393,2.352657,0.15188053,-0.13628846,2.4377127,0.14260752,-0.4735116,2.4198327,0.15595694,-0.5320891,2.385915]
[2,2,2,1,2,2,2,2,2,2,2,2,2,2,2,2,2,2,2,2]
