Enregistrement d'un squelette Kinect
[-0.041535787,0.38839567,2.3873174,-0.03709811,0.46036646,2.404493,-0.03315517,0.82583183,2.3935776,-0.1276318,0.9973313,2.3661745,-0.19535097,0.71012515,2.4206784,-0.22930929,0.48485798,2.4685965,-0.23531897,0.2841333,2.3896596,-0.23895517,0.21690826,2.3762875,0.11585313,0.7073829,2.3668616,0.24244654,0.54876244,2.4016995,0.20235778,0.3099603,2.3616884,0.19432078,0.2496412,2.3543181,-0.117165394,0.31745636,2.3927028,-0.08647001,-0.12975964,2.43307,-0.07068483,-0.4797081,2.4614193,-0.04288304,-0.5414295,2.4238706,0.02777175,0.31534764,2.3782735,0.029390406,-0.14007139,2.390797,0.026159016,-0.4764753,2.424781,0.027833872,-0.55017924,2.396815]
[2,2,2,1,2,2,2,2,2,2,2,2,2,2,2,2,2,2,2,2]
[-0.04173236,0.38850695,2.3874533,-0.037255608,0.46048087,2.4045632,-0.035649955,0.82592076,2.3926806,-0.13420643,0.99538225,2.3650556,-0.19608016,0.71004295,2.4213736,-0.22903094,0.4847344,2.4695475,-0.23522449,0.28360713,2.3906052,-0.23847625,0.21737474,2.3770113,0.113526426,0.708235,2.364575,0.24925514,0.5575815,2.400167,0.20466858,0.3149541,2.3610013,0.19622593,0.25446352,2.355068,-0.11729628,0.3172948,2.3935227,-0.08538264,-0.12961939,2.4330096,-0.07070662,-0.4797512,2.461418,-0.043070696,-0.54227185,2.4252443,0.027435748,0.31592786,2.377906,0.02979602,-0.13917482,2.3906565,0.026188202,-0.47656626,2.4247234,0.027289476,-0.55037326,2.3967512]
[2,2,2,2,2,2,2,2,2,2,2,2,2,2,2,2,2,2,2,2]
[-0.0419004,0.3886254,2.3875551,-0.037440106,0.46061975,2.4045544,-0.038240675,0.825919,2.391416,-0.13742626,0.99456376,2.3643732,-0.19673465,0.70996374,2.4218664,-0.22881739,0.48461956,2.4702935,-0.23518586,0.2833339,2.3915155,-0.2380489,0.21819127,2.377651,0.11188713,0.7088676,2.3629112,0.2540018,0.56323117,2.3991122,0.21046217,0.32329157,2.3603854,0.19949716,0.26211902,2.356086,-0.11737031,0.31717458,2.3942235,-0.08422011,-0.12946926,2.432923,-0.07072733,-0.47978723,2.4614167,-0.050980788,-0.5438988,2.4259202,0.027257038,0.31658685,2.3774328,0.030194815,-0.13827388,2.3904982,0.02621692,-0.4766522,2.4246604,0.027013458,-0.5505038,2.3966656]
[2,2,2,1,2,2,2,2,2,2,2,2,2,2,2,2,2,2,2,2]
[-0.042068947,0.38873997,2.3876421,-0.03768418,0.46077627,2.4044611,-0.04061276,0.82586867,2.3901565,-0.14006624,0.9937756,2.363256,-0.19736421,0.7098773,2.4222338,-0.2286535,0.48451367,2.4708698,-0.23515916,0.2832061,2.392278,-0.23765753,0.21914782,2.3780513,0.11064688,0.70937276,2.3616083,0.257422,0.5669303,2.3984308,0.21425821,0.32851285,2.3601234,0.20181811,0.2671836,2.356952,-0.11743146,0.31707206,2.3948226,-0.08320562,-0.12933357,2.4328496,-0.070745274,-0.4798193,2.461414,-0.057937127,-0.5454417,2.4264493,0.027111907,0.31717947,2.3769944,0.03054326,-0.13761269,2.3903875,0.026262863,-0.47674516,2.4245594,0.02685688,-0.5505345,2.3963788]
[2,2,2,1,2,2,2,2,2,2,2,2,2,2,2,2,2,2,2,2]
[-0.042251572,0.38887307,2.3877099,-0.038023807,0.46098736,2.4042256,-0.04284073,0.82575065,2.388781,-0.1421755,0.9930511,2.361694,-0.19804482,0.70976037,2.422514,-0.22853887,0.4844171,2.4712756,-0.23513506,0.28312293,2.3928351,-0.23735002,0.21997957,2.378309,0.109705895,0.7097739,2.3605561,0.25971603,0.56856287,2.3980687,0.21734037,0.33271217,2.360196,0.20379804,0.27107406,2.3578742,-0.11749188,0.31699383,2.3953388,-0.08228945,-0.12922087,2.432786,-0.07076148,-0.47984582,2.4614117,-0.064753346,-0.5466956,2.4268253,0.027009157,0.31777275,2.3765326,0.030994462,-0.13676915,2.3902788,0.026314562,-0.47683805,2.4244473,0.026838806,-0.5505382,2.396089]
[2,2,2,1,2,2,2,2,2,2,2,2,2,2,2,2,2,2,2,2]
[-0.042398397,0.38901532,2.3877244,-0.038400397,0.46124598,2.40379,-0.044820074,0.82559025,2.3874507,-0.14387883,0.9923239,2.3596914,-0.19875206,0.70964,2.4226918,-0.22845393,0.484316,2.4715734,-0.23510948,0.28304186,2.3931859,-0.23711231,0.22063062,2.3784223,0.10891061,0.71010137,2.3595903,0.2609932,0.56854814,2.3979084,0.21926795,0.33538017,2.3602772,0.20516236,0.27379233,2.3586447,-0.117495716,0.3169469,2.3957064,-0.081525825,-0.12912661,2.432739,-0.07077103,-0.47986162,2.4614093,-0.070363976,-0.5474494,2.426972,0.027060749,0.3184625,2.3758936,0.03167399,-0.13550423,2.3901658,0.02634381,-0.47692242,2.424344,0.026919484,-0.5505724,2.3959556]
[2,2,2,1,2,2,2,2,2,2,2,2,2,2,2,2,2,2,2,2]
[-0.042525955,0.38914505,2.3877015,-0.038796183,0.4615077,2.403178,-0.046370566,0.82547855,2.3863318,-0.14541003,0.991504,2.357415,-0.1994755,0.7095099,2.4226904,-0.22838654,0.4841973,2.4717755,-0.23508687,0.28297654,2.3934138,-0.23690407,0.22119416,2.3783934,0.10792246,0.71030754,2.3583982,0.26120043,0.56749547,2.397648,0.22049403,0.33733094,2.3603718,0.20660177,0.2760367,2.359756,-0.11747823,0.31690592,2.3959885,-0.08092535,-0.12905566,2.432713,-0.070779525,-0.47987205,2.4614048,-0.074567765,-0.54787076,2.4269729,0.02717404,0.31915957,2.3751423,0.03245631,-0.13412932,2.3900719,0.026358813,-0.47698224,2.424264,0.028224993,-0.55077416,2.3968167]
[2,2,2,1,2,2,2,2,2,2,2,2,2,2,2,2,2,2,2,2]
[-0.042662352,0.38927576,2.3876429,-0.039275885,0.46177295,2.4023647,-0.047749117,0.82533264,2.3852005,-0.14675541,0.9907149,2.3551335,-0.20044981,0.7092333,2.422314,-0.22834319,0.4840778,2.4718795,-0.23507087,0.28297156,2.3935397,-0.23668839,0.2218181,2.37814,0.1069294,0.7104473,2.357175,0.26062462,0.56578916,2.3973887,0.22131559,0.33880007,2.3604834,0.20773122,0.2776867,2.360563,-0.11745856,0.3168757,2.3962016,-0.08062828,-0.12900217,2.432746,-0.07078614,-0.4798697,2.4613833,-0.0776867,-0.5480978,2.4269612,0.027265439,0.31976193,2.3744578,0.033340696,-0.13270372,2.3900504,0.026364543,-0.4770245,2.424202,0.03034562,-0.5508936,2.3980565]
[2,2,2,1,2,2,2,2,2,2,2,2,2,2,2,2,2,2,2,2]
[-0.042814877,0.3894111,2.3875284,-0.039852545,0.46203533,2.4012976,-0.049108643,0.82514715,2.383945,-0.14782633,0.99019504,2.3533065,-0.2016709,0.70870006,2.42138,-0.22833864,0.483847,2.4717886,-0.2350432,0.28305075,2.3934731,-0.23645069,0.22253019,2.3774922,0.10587566,0.710639,2.3559325,0.25951964,0.56401163,2.3972483,0.22182846,0.33992985,2.3606396,0.2085019,0.27888462,2.3611317,-0.11743913,0.3168554,2.3963418,-0.08040002,-0.128951,2.4327862,-0.0707886,-0.47986105,2.4613574,-0.07930926,-0.5482418,2.4268892,0.0273372,0.32028764,2.3738365,0.034003403,-0.13216202,2.3901465,0.026395299,-0.47707924,2.4241505,0.032668885,-0.5510832,2.399272]
[2,2,2,1,2,2,2,2,2,2,2,2,2,2,2,2,2,2,2,2]
[-0.043001834,0.3895325,2.3873572,-0.04054744,0.46224436,2.4000287,-0.050467882,0.82495564,2.382635,-0.14869213,0.98985296,2.3517056,-0.2038281,0.70701754,2.4195178,-0.22840208,0.48358795,2.4715781,-0.23502918,0.28321952,2.3930726,-0.23619296,0.22324117,2.3764768,0.10475735,0.7108147,2.3547225,0.25831047,0.5624693,2.397379,0.22194345,0.3409266,2.3609164,0.20915453,0.27986446,2.3616788,-0.11741917,0.31683475,2.3964376,-0.080219865,-0.12891568,2.4328308,-0.070792004,-0.47984254,2.4613268,-0.08058917,-0.54828405,2.4267566,0.027357697,0.3207101,2.3732946,0.03481131,-0.13143156,2.3902893,0.026495574,-0.47716278,2.4240854,0.034593586,-0.5513566,2.4003642]
[2,2,2,1,2,2,2,2,2,2,2,2,2,2,2,2,2,2,2,2]
[-0.043236103,0.38965392,2.3871326,-0.041339148,0.46243316,2.3986435,-0.051914316,0.82482284,2.3813257,-0.14989722,0.9894103,2.3499255,-0.20647272,0.7051579,2.4176471,-0.22886188,0.4832853,2.4710114,-0.23506188,0.28337845,2.392409,-0.23595807,0.22382304,2.3752298,0.10352219,0.7110462,2.3534975,0.25704527,0.5614082,2.3976657,0.22161067,0.34193784,2.3614058,0.21031688,0.2809161,2.362882,-0.117400266,0.31681535,2.3965006,-0.080046125,-0.12888901,2.4328933,-0.07078263,-0.47982377,2.4612937,-0.081414774,-0.54821557,2.4264462,0.02734075,0.32105473,2.3728247,0.035512615,-0.13079989,2.3904853,0.026639488,-0.47725925,2.4240096,0.036994714,-0.55156666,2.4014041]
[2,2,2,1,2,2,2,2,2,2,2,2,2,2,2,2,2,2,2,2]
[-0.04354033,0.38977954,2.3868163,-0.042271398,0.46261063,2.397083,-0.05408835,0.8247844,2.3797553,-0.15129834,0.9891732,2.3481374,-0.2093948,0.70312816,2.4158914,-0.22958247,0.48303998,2.470188,-0.23514764,0.283439,2.3913975,-0.23578735,0.22412392,2.3740497,0.10199543,0.7114167,2.3521647,0.2556386,0.56091726,2.3980544,0.22092707,0.34300444,2.3620434,0.21177897,0.2820296,2.3642566,-0.11738126,0.31678668,2.3964913,-0.07989675,-0.12886776,2.4329631,-0.070357256,-0.47984025,2.4610157,-0.082001306,-0.5481796,2.4260871,0.027311768,0.32134092,2.3724158,0.03609654,-0.13026607,2.3906875,0.026800932,-0.47735295,2.4239428,0.039061483,-0.55167514,2.402104]
[2,2,2,1,2,2,2,2,2,2,2,2,2,2,2,2,2,2,2,2]
[-0.0440203,0.3898193,2.3863542,-0.043529302,0.46260086,2.3952494,-0.057257358,0.824551,2.3777165,-0.15333319,0.9887854,2.3457782,-0.21356933,0.6998468,2.413758,-0.23082784,0.48301247,2.468955,-0.23608203,0.2847686,2.3900971,-0.23564155,0.22531094,2.373077,0.099716716,0.7118506,2.3505778,0.25440416,0.56061196,2.3984523,0.2200011,0.34440643,2.3628502,0.21335171,0.28344464,2.3655634,-0.11739258,0.31665543,2.3963318,-0.079767644,-0.12884967,2.4330366,-0.06895713,-0.4799889,2.4602716,-0.08255701,-0.5481151,2.4257305,0.027223984,0.3215541,2.372054,0.036590666,-0.12980525,2.3908956,0.02691679,-0.47744307,2.4239063,0.040675223,-0.5517277,2.4025385]
[2,2,2,1,2,2,2,2,2,2,2,2,2,2,2,2,2,2,2,2]
[-0.044595316,0.38981983,2.3857782,-0.04485672,0.4625388,2.3933885,-0.060463127,0.82446945,2.3759375,-0.15637054,0.9881111,2.34312,-0.21718922,0.69742244,2.41124,-0.2327282,0.482299,2.4671834,-0.23786119,0.28549677,2.3883998,-0.23602554,0.22686072,2.3722117,0.09631289,0.7124401,2.3487318,0.2532156,0.5608549,2.3989189,0.21887723,0.34599197,2.3636143,0.21486859,0.28495455,2.366475,-0.11743378,0.31647095,2.3960128,-0.07964764,-0.12882583,2.4331183,-0.06736472,-0.48012996,2.4594266,-0.08287528,-0.5480045,2.425251,0.027097844,0.32174808,2.371695,0.03700136,-0.12938109,2.3911307,0.02705244,-0.47754863,2.423865,0.041952174,-0.5517897,2.4028242]
[2,2,2,1,2,2,2,2,2,2,2,2,2,2,2,2,2,2,2,2]
[-0.045299996,0.3895861,2.385063,-0.046314415,0.46219525,2.3914633,-0.06431929,0.82434255,2.374012,-0.16193007,0.9863381,2.3394468,-0.22034973,0.69495255,2.4077032,-0.23576753,0.4817123,2.4649944,-0.24015789,0.28624046,2.3867416,-0.23661833,0.22780626,2.3715687,0.09136514,0.71299446,2.3465433,0.25216463,0.5618262,2.3996074,0.21756448,0.3494527,2.36453,0.21565586,0.28791162,2.3671684,-0.117429,0.31606922,2.3954937,-0.07953137,-0.12879193,2.4332168,-0.065986075,-0.48024908,2.4587026,-0.08254554,-0.5478278,2.4243238,0.026895141,0.32189444,2.371338,0.037333816,-0.12923,2.3914018,0.027279805,-0.4776011,2.4237692,0.04299251,-0.55177134,2.4030228]
[2,2,2,1,2,2,2,2,2,2,2,2,2,2,2,2,2,2,2,2]
[-0.04603643,0.38936147,2.3843007,-0.047807164,0.46190614,2.3895168,-0.06906602,0.8244185,2.371694,-0.19062516,0.9734816,2.3298092,-0.22304091,0.6933061,2.4049473,-0.25168702,0.50015944,2.464336,-0.24542274,0.2902409,2.3850124,-0.2390215,0.22859167,2.370597,0.086007506,0.71357214,2.3444579,0.25097907,0.565436,2.4011478,0.2160778,0.3545301,2.3654363,0.21564424,0.2925401,2.3674943,-0.117449656,0.31567588,2.394967,-0.079406135,-0.12874652,2.4333434,-0.06453481,-0.48035738,2.4579422,-0.08226273,-0.5476508,2.4235225,0.026650822,0.32209855,2.3708932,0.037635066,-0.12926662,2.391799,0.027450804,-0.47764942,2.4237027,0.044066563,-0.55168843,2.403147]
[2,2,2,2,2,2,2,2,2,2,2,2,2,2,2,2,2,2,2,2]
[-0.04671489,0.3891569,2.3835301,-0.04919018,0.46167693,2.3876457,-0.07439549,0.8248265,2.3693767,-0.2030469,0.96914154,2.3250017,-0.225514,0.6917447,2.4022675,-0.26348937,0.50888485,2.4612448,-0.25840953,0.29696235,2.3793654,-0.24775451,0.22898285,2.3645062,0.081988804,0.7141772,2.342976,0.25059962,0.5704575,2.4027987,0.21593119,0.36931026,2.3661036,0.21302883,0.30846304,2.3647103,-0.11746776,0.31524357,2.394381,-0.079497,-0.12866245,2.433685,-0.0640254,-0.4803915,2.4576817,-0.08199048,-0.54731584,2.4227118,0.026459297,0.32239103,2.370345,0.037821118,-0.1290577,2.3923664,0.027583478,-0.4776854,2.4236572,0.06061833,-0.544689,2.405128]
[2,2,2,2,2,2,2,2,2,2,2,2,2,2,2,2,2,2,2,2]
[-0.047273807,0.38898426,2.3828013,-0.050358795,0.46151012,2.3859243,-0.07948193,0.8253857,2.3670266,-0.20983472,0.9672702,2.3218338,-0.22784126,0.69062656,2.4002438,-0.27481517,0.51496404,2.4589171,-0.30516994,0.32639953,2.3602657,-0.29073432,0.24937953,2.3397477,0.07861243,0.71494,2.3418314,0.25052467,0.5770876,2.4042578,0.21703167,0.3811457,2.3674004,0.2105763,0.3209797,2.3644657,-0.11731888,0.31465656,2.3933845,-0.07976128,-0.12856479,2.4342349,-0.06366671,-0.48041275,2.4575086,-0.08190933,-0.5470374,2.4221752,0.02636793,0.3227061,2.369903,0.03797837,-0.12878615,2.3929954,0.02767583,-0.477708,2.423645,0.07082903,-0.5396914,2.4062002]
[2,2,2,2,2,2,2,2,2,2,2,2,2,2,2,2,2,2,2,2]
[-0.047740303,0.38881892,2.3821454,-0.051354785,0.46134737,2.384366,-0.084314555,0.82562715,2.3646848,-0.21396133,0.9659311,2.3188777,-0.23064354,0.6899737,2.398574,-0.2955551,0.5240109,2.4594889,-0.35806912,0.3600779,2.3420072,-0.35492513,0.28336543,2.3049858,0.07377243,0.7158862,2.340344,0.2504073,0.58327633,2.4051301,0.21724358,0.38956213,2.368416,0.20704564,0.3306822,2.365059,-0.117048964,0.3139778,2.3921657,-0.08020315,-0.12844378,2.4350448,-0.063442566,-0.480398,2.4574273,-0.081829526,-0.5467547,2.421742,0.026318615,0.32299644,2.369577,0.038165394,-0.12865177,2.3937492,0.027754355,-0.47772345,2.4236388,0.074623086,-0.53803897,2.4064653]
[2,2,2,1,2,2,2,2,2,2,2,2,2,2,2,2,2,2,2,2]
[-0.048123877,0.38866434,2.381578,-0.052207723,0.4611894,2.3829753,-0.08894558,0.8257217,2.3621755,-0.21677051,0.96492165,2.3149977,-0.23397145,0.6900868,2.3969357,-0.32434702,0.5382707,2.4622507,-0.41303796,0.39472678,2.3141942,-0.42615342,0.3391968,2.2677844,0.06790313,0.7169487,2.3385472,0.25025272,0.590107,2.4057763,0.21678498,0.3970967,2.3695009,0.20290746,0.33947793,2.3662043,-0.11670391,0.31331122,2.3909261,-0.08081852,-0.12830557,2.436261,-0.06335526,-0.4803313,2.4574409,-0.08180154,-0.5464644,2.421426,0.026294947,0.32326633,2.3693807,0.038677454,-0.12864935,2.3949306,0.027840864,-0.4777384,2.4236426,0.07859063,-0.53472185,2.4037359]
[2,2,2,1,2,2,2,2,2,2,2,2,2,2,2,2,2,2,2,2]
[-0.048436735,0.388525,2.3810928,-0.05294885,0.46103585,2.3817253,-0.09323313,0.8255699,2.3595116,-0.21803492,0.9638246,2.3089323,-0.23820241,0.6907711,2.3954704,-0.36001655,0.5576911,2.4641054,-0.48012397,0.45867762,2.2995539,-0.49795175,0.3977558,2.2224495,0.062022977,0.7179298,2.337001,0.24978615,0.5970699,2.406184,0.20992188,0.40722904,2.371485,0.20161103,0.34645095,2.3672335,-0.116290465,0.3126341,2.3896613,-0.080676146,-0.12870562,2.4384675,-0.0633826,-0.4802137,2.4575462,-0.081776485,-0.5461771,2.4211903,0.02630293,0.32358932,2.36933,0.039800692,-0.12884168,2.396548,0.028656527,-0.47762626,2.423278,0.082123846,-0.53241074,2.4010572]
[2,2,2,1,2,2,2,2,2,2,2,2,2,2,2,2,2,2,2,2]
[-0.048680484,0.388401,2.3806748,-0.053575918,0.46089694,2.3806148,-0.09821125,0.8251511,2.3568048,-0.21949147,0.9567487,2.2895424,-0.24517693,0.69246787,2.3946722,-0.38799226,0.5746806,2.466777,-0.5416539,0.534033,2.2969527,-0.550912,0.49413887,2.2094796,0.05488495,0.719074,2.3352847,0.24885835,0.6055865,2.4064567,0.20765798,0.4145406,2.3722885,0.19887225,0.39354318,2.3721654,-0.115564525,0.31186613,2.3881292,-0.08081202,-0.13051629,2.442301,-0.06325795,-0.4800293,2.4576285,-0.081663065,-0.54593635,2.4212387,0.026403993,0.32403085,2.3694606,0.045124635,-0.12725458,2.3993633,0.05928797,-0.4739394,2.4040873,0.072127104,-0.52217305,2.3472297]
[2,2,2,2,2,2,2,2,2,2,2,2,2,2,2,2,2,2,2,2]
[-0.04888347,0.38835502,2.3803084,-0.05422396,0.46089163,2.3795433,-0.103723474,0.8247382,2.3540373,-0.22037512,0.9527937,2.2763581,-0.25856763,0.6964962,2.3954308,-0.43190908,0.6043141,2.4602237,-0.58686686,0.60795933,2.2802029,-0.58552414,0.59050465,2.2221375,0.048885837,0.72019094,2.3341613,0.24769758,0.6127423,2.40674,0.20651352,0.4202796,2.3720238,0.1929512,0.39290932,2.3713303,-0.11487132,0.31128594,2.3867412,-0.08094995,-0.132632,2.4462204,-0.06315606,-0.47962126,2.457847,-0.081246406,-0.54552114,2.4214728,0.026669387,0.32488516,2.369978,0.06284651,-0.12822185,2.4005363,0.08783322,-0.46620196,2.3898594,0.074596815,-0.5108489,2.3109672]
[2,2,2,2,2,2,2,2,2,2,2,1,2,2,2,2,2,2,2,2]
[-0.0490184,0.38848752,2.3799567,-0.05482425,0.46110222,2.3785467,-0.10789783,0.82454544,2.3520348,-0.22086114,0.9500185,2.2675803,-0.26974896,0.7006907,2.395565,-0.4598422,0.62776625,2.4537416,-0.6105727,0.685834,2.2805064,-0.59826624,0.6746212,2.2591927,0.04371361,0.72139466,2.3336093,0.2437667,0.6288159,2.408296,0.20475726,0.4327683,2.3731096,0.19149983,0.420811,2.3743773,-0.11399578,0.3110066,2.3853333,-0.080975294,-0.13445908,2.4495173,-0.06310899,-0.47890812,2.4582665,-0.080391064,-0.5447999,2.4218647,0.027423833,0.3267817,2.371341,0.101161025,-0.13007383,2.3935497,0.13749513,-0.45851314,2.3775163,0.11003453,-0.5022718,2.2881806]
[2,2,2,2,2,2,2,2,2,2,2,2,2,2,2,2,2,2,2,2]
[-0.048993047,0.39154524,2.3794649,-0.055874903,0.46328202,2.3773394,-0.11258488,0.824833,2.350619,-0.22093797,0.9482745,2.261524,-0.2893547,0.71141005,2.3975816,-0.49792874,0.66693056,2.4304283,-0.6449106,0.76332295,2.267981,-0.6587946,0.7682489,2.2404323,0.039162118,0.7250335,2.3345025,0.23974115,0.64182705,2.4097235,0.2008135,0.44495553,2.3746564,0.18637387,0.42336774,2.3756392,-0.11293885,0.31146884,2.3840487,-0.080942616,-0.13543652,2.451824,-0.06303588,-0.47811514,2.4587524,-0.07956545,-0.54398406,2.4222887,0.029823799,0.33213905,2.374228,0.14132532,-0.11246366,2.3826287,0.1917486,-0.44204146,2.3704226,0.16093521,-0.48629507,2.2791667]
[2,2,2,1,2,2,2,2,2,2,2,2,2,2,2,2,2,2,2,2]
