Enregistrement d'un squelette Kinect
[-0.06712652,0.42487136,2.539549,-0.076017864,0.48872432,2.5596247,-0.10030691,0.8195971,2.5521493,-0.12418882,0.9776905,2.5185466,-0.25133702,0.68191046,2.515419,-0.2577369,0.48427382,2.4666245,-0.13466163,0.3169824,2.3833528,-0.08240004,0.27696398,2.3540716,0.0706562,0.7274526,2.5701947,0.1492258,0.48806906,2.6255643,0.1802937,0.28225315,2.5851772,0.17961714,0.20542186,2.5850139,-0.1393159,0.34019625,2.5258842,-0.14531766,0.0065653175,2.567032,-0.09633595,-0.25317866,2.5557127,-0.035561197,-0.26815757,2.46042,0.019918296,0.362786,2.54708,-0.022884522,0.10850234,2.2709432,-0.005263602,-0.22573508,2.371559,0.005138809,-0.26977554,2.276478]
[2,2,2,2,2,2,2,1,2,2,2,2,2,2,2,2,2,2,2,2]
[-0.06627751,0.42514732,2.5398562,-0.07545337,0.48889616,2.5600748,-0.099326134,0.8189931,2.5519469,-0.123088494,0.97728515,2.518897,-0.25042626,0.6813814,2.514223,-0.256909,0.48392916,2.4669096,-0.14742601,0.32731727,2.3867643,-0.09120646,0.28464636,2.3551943,0.07151475,0.7275086,2.5709538,0.14991517,0.48848796,2.6277604,0.18424444,0.2755874,2.5944705,0.18136087,0.20166473,2.5893714,-0.13873586,0.34074908,2.5257757,-0.14709893,0.007080724,2.5671988,-0.09879408,-0.25246644,2.5556512,-0.03899869,-0.26864552,2.4621148,0.02086649,0.36282542,2.5475917,-0.02409165,0.108932935,2.2712135,-0.006828733,-0.22551474,2.3710716,0.0043521165,-0.269807,2.278452]
[2,2,2,2,2,2,2,1,2,2,2,2,2,2,2,2,2,2,2,2]
[-0.065565474,0.425372,2.5401108,-0.074950054,0.48903945,2.560433,-0.098464474,0.81845766,2.5517514,-0.12204553,0.97688293,2.519172,-0.24963714,0.68087834,2.5133407,-0.2562742,0.4836512,2.4672508,-0.13133311,0.31273234,2.3740463,-0.08781267,0.28139287,2.350069,0.07222447,0.72754246,2.5715516,0.15045008,0.4887946,2.6293762,0.18661821,0.27170953,2.601069,0.18291183,0.1996514,2.5920858,-0.13826297,0.34116453,2.5257075,-0.14857109,0.0074504195,2.5672872,-0.100872256,-0.25197297,2.555558,-0.04193081,-0.26933867,2.463342,0.021640398,0.36286592,2.547991,-0.024998182,0.10925772,2.2714417,-0.008084033,-0.22537662,2.3706524,0.0037414639,-0.26996234,2.280089]
[2,2,2,2,2,2,2,1,2,2,2,2,2,2,2,2,2,2,2,2]
[-0.06494657,0.42554623,2.540336,-0.07447102,0.48915246,2.560736,-0.097666875,0.81798726,2.5515962,-0.12115113,0.97649604,2.5193977,-0.24896854,0.68045026,2.5127277,-0.25586382,0.48345077,2.4677413,-0.112761974,0.308762,2.3549864,-0.07874751,0.28003624,2.3377676,0.07288919,0.7275469,2.5720525,0.15096574,0.48904955,2.6307297,0.18803786,0.26955232,2.6049764,0.18504144,0.19900267,2.5943344,-0.13786723,0.3414611,2.5256824,-0.1496997,0.007677857,2.5673304,-0.102545366,-0.25168896,2.5554605,-0.04398754,-0.26941583,2.464039,0.022277793,0.3628983,2.5483038,-0.025680596,0.10949169,2.2716405,-0.009147117,-0.22534558,2.3702197,0.0032452065,-0.27021873,2.2812207]
[2,2,2,2,2,2,2,1,2,2,2,2,2,2,2,2,2,2,2,2]
[-0.06448382,0.42566112,2.5405345,-0.0740687,0.4892302,2.5609913,-0.09696656,0.81757784,2.5514708,-0.12026236,0.9761389,2.5195918,-0.24841337,0.68015474,2.5124497,-0.2563811,0.4834035,2.4682603,-0.10453652,0.30931085,2.3446739,-0.071975425,0.28065157,2.3273692,0.073525086,0.7274831,2.5724728,0.15142167,0.48919156,2.6318,0.19077875,0.26125002,2.6113744,0.19032075,0.19605486,2.5946126,-0.13761182,0.341652,2.5257163,-0.15053754,0.0077820974,2.5673413,-0.102075145,-0.24174264,2.5549889,-0.04522824,-0.2676621,2.464671,0.0227229,0.3629043,2.5485353,-0.026162669,0.10963074,2.271771,-0.010272096,-0.22555588,2.3695765,0.0027069545,-0.27063993,2.2818952]
[2,2,2,2,2,2,2,1,2,2,2,2,2,2,2,2,2,2,2,2]
[-0.06417445,0.42572773,2.540688,-0.073764235,0.48927608,2.561196,-0.09635604,0.8172418,2.5513911,-0.11942765,0.9758288,2.5197527,-0.24793035,0.679884,2.5123975,-0.26103604,0.4839889,2.469959,-0.14510216,0.32970378,2.3542209,-0.096171655,0.29371354,2.3279574,0.07406934,0.7274116,2.5728006,0.15181527,0.48928767,2.6325805,0.19262089,0.25956503,2.6135967,0.19326025,0.19619693,2.5966938,-0.13745257,0.34179416,2.52578,-0.15114884,0.007840192,2.5673296,-0.10148279,-0.23478647,2.5544426,-0.045804195,-0.26633084,2.465195,0.022986414,0.36285388,2.5486844,-0.026428588,0.109589696,2.2718952,-0.011081647,-0.22597662,2.3690605,0.0022964377,-0.27137432,2.2825336]
[2,2,2,2,2,2,2,1,2,2,2,2,2,2,2,2,2,2,2,2]
[-0.06395009,0.4257767,2.5408075,-0.07351275,0.48930967,2.5613625,-0.09584457,0.81696177,2.5513372,-0.118705876,0.97555846,2.5199106,-0.24756087,0.6797303,2.5128167,-0.26600975,0.4843319,2.4714022,-0.17420878,0.3463632,2.3571424,-0.129566,0.3179937,2.3184497,0.07453418,0.7273509,2.5730555,0.1521638,0.48935738,2.6331346,0.19605379,0.25612935,2.6140697,0.19520889,0.19440241,2.5987532,-0.13735932,0.34191543,2.5258732,-0.13353232,-0.020944115,2.563615,-0.09155175,-0.27128392,2.5553505,-0.041185074,-0.27777436,2.4636853,0.023153074,0.36276403,2.5487742,-0.026022373,0.108937815,2.2720153,-0.011387279,-0.22686346,2.3684762,0.0022967884,-0.27267325,2.283045]
[2,2,2,2,2,2,2,2,2,2,2,2,2,2,2,2,2,2,2,2]
[-0.06379109,0.4258058,2.5409465,-0.07330886,0.489329,2.561537,-0.09538292,0.816726,2.5513525,-0.11807427,0.9752949,2.520063,-0.2473063,0.67967445,2.5136518,-0.27934968,0.48736018,2.478139,-0.20743541,0.3737227,2.3464854,-0.17494296,0.36182556,2.3052595,0.074933365,0.727295,2.5732534,0.15255374,0.4894121,2.633522,0.19892025,0.25348642,2.613361,0.19663775,0.19310664,2.5996532,-0.13738419,0.3420296,2.5261598,-0.12550965,-0.033813063,2.5620155,-0.08153355,-0.29093516,2.5555398,-0.03470164,-0.28749532,2.461576,0.023217224,0.36261997,2.5488398,-0.024370724,0.107499324,2.2720907,-0.009901205,-0.2280611,2.369029,0.0042539546,-0.27444267,2.2850058]
[2,2,2,2,2,2,2,2,2,2,2,2,2,2,2,2,2,2,2,2]
[-0.0637099,0.42581657,2.5411084,-0.073152736,0.4893415,2.5617094,-0.0950144,0.81655645,2.5513887,-0.11757904,0.97510755,2.5202475,-0.24750309,0.6804133,2.5161645,-0.29670328,0.49328697,2.4879363,-0.24865557,0.4010601,2.3305411,-0.21290809,0.3962426,2.2790325,0.07527451,0.72724545,2.5734055,0.1529307,0.48943657,2.633737,0.20111682,0.25551626,2.6058125,0.19939972,0.19487318,2.5951688,-0.13756353,0.34213135,2.5266092,-0.12121159,-0.04014847,2.5611897,-0.060943447,-0.30140334,2.5201688,-0.005486804,-0.30219293,2.4290228,0.023129208,0.3623866,2.548879,-0.021274084,0.10529954,2.2721283,-0.00582486,-0.22978047,2.3708134,0.007942152,-0.27651355,2.287847]
[2,2,2,2,2,2,2,2,2,2,2,2,2,2,2,2,2,2,2,2]
[-0.0637306,0.42578635,2.5413473,-0.07303886,0.4893372,2.5619156,-0.09469754,0.8164475,2.5514727,-0.11721946,0.9749906,2.5204582,-0.24803539,0.6816353,2.5196056,-0.32595834,0.5055528,2.4926422,-0.2754509,0.44252467,2.3084157,-0.2507413,0.42972353,2.252485,0.075556055,0.7272118,2.57352,0.15359929,0.48936126,2.63335,0.20264108,0.25991616,2.597242,0.20176679,0.19838446,2.5898557,-0.13782978,0.34217536,2.5271573,-0.11748452,-0.04475546,2.5606065,-0.05266387,-0.30690303,2.5105186,0.0076119043,-0.30899474,2.4189417,0.022749655,0.36201492,2.5489697,-0.016638713,0.103012934,2.2722528,0.003437599,-0.23227125,2.3715696,0.015607562,-0.2791475,2.289377]
[2,2,2,2,2,2,2,2,2,2,2,2,2,2,2,2,2,2,2,2]
[-0.06379926,0.4257049,2.541629,-0.07292994,0.48930204,2.562155,-0.09434744,0.8163709,2.5516245,-0.1169406,0.974887,2.5206907,-0.24893242,0.68316215,2.5238347,-0.3621322,0.5244649,2.4978335,-0.30442792,0.48492685,2.2967222,-0.2910706,0.46754855,2.2434862,0.075774364,0.72717375,2.5735931,0.1543779,0.48914346,2.6323931,0.20318487,0.26332185,2.5891113,0.20413184,0.20199443,2.5815492,-0.13812381,0.34207907,2.5278249,-0.10747222,-0.020042364,2.5451639,-0.052110326,-0.27428964,2.5141616,0.01265602,-0.30253705,2.4245439,0.022316968,0.36162776,2.5490556,0.00442935,0.082623884,2.280003,0.026220905,-0.2529762,2.3771937,0.03591779,-0.2995925,2.2953594]
[2,2,2,2,2,2,2,2,2,2,2,2,2,2,2,2,2,2,2,2]
[-0.06389221,0.42560053,2.541924,-0.072822556,0.4892538,2.5624063,-0.09405223,0.8163343,2.5517895,-0.11674239,0.9748066,2.5208955,-0.2500191,0.6855261,2.528862,-0.36190656,0.52692366,2.5257273,-0.3500314,0.5020974,2.3091683,-0.34028786,0.50912076,2.2463565,0.075929426,0.7271482,2.573629,0.15531689,0.4888644,2.6307106,0.20207483,0.27697334,2.5738661,0.20749329,0.2139917,2.570902,-0.1383659,0.34190512,2.528565,-0.1029544,-0.009323966,2.5403707,-0.053248577,-0.25072354,2.5415816,0.009157259,-0.28821674,2.4535604,0.021885885,0.36126828,2.5491288,0.016148552,0.077860355,2.2827134,0.045645125,-0.25911537,2.3760777,0.053305484,-0.3058865,2.2944744]
[2,2,2,2,2,2,2,2,2,2,2,2,2,2,2,2,2,2,2,2]
[-0.06396572,0.42546824,2.5422475,-0.07268813,0.48918867,2.562714,-0.09390882,0.8166661,2.5522208,-0.11670894,0.9749207,2.5211449,-0.25173286,0.6880638,2.533928,-0.364821,0.5405457,2.5773256,-0.3957826,0.5299855,2.314701,-0.38575935,0.5666429,2.2400117,0.07602088,0.7271218,2.5736003,0.15631446,0.48839217,2.6276484,0.21003437,0.25732338,2.5643375,0.20264427,0.2098087,2.5329664,-0.13837534,0.34150365,2.5295591,-0.092751406,-0.009514755,2.544096,-0.054150354,-0.25902104,2.5684884,0.014281344,-0.29321918,2.4868689,0.021552617,0.36098287,2.5491824,0.038182206,0.059110843,2.2926953,0.06446249,-0.2739563,2.380077,0.103585266,-0.33309096,2.3590698]
[2,2,2,2,2,2,2,2,2,2,2,2,2,2,2,2,2,2,2,2]
[-0.063900046,0.4253521,2.5425956,-0.072401844,0.48914427,2.563139,-0.09390039,0.8173656,2.5529094,-0.1171231,0.9753399,2.5216494,-0.25427976,0.6913211,2.5392888,-0.3804512,0.5490904,2.5414217,-0.43430653,0.5798649,2.3060658,-0.42770398,0.6255065,2.2416186,0.07595801,0.7271681,2.5733964,0.15722339,0.4878704,2.6218865,0.20567411,0.2648089,2.5314837,0.2055397,0.21232143,2.5257998,-0.13767497,0.340914,2.5307305,-0.08638843,-0.009711892,2.5467634,-0.054482915,-0.2621025,2.5792942,0.017085914,-0.29384443,2.4995232,0.021429095,0.36085966,2.5492115,0.048775367,0.051590376,2.2973824,0.084527835,-0.2816441,2.3848183,0.111545585,-0.3354467,2.3392045]
[2,2,2,2,2,2,2,2,2,2,2,2,2,2,2,2,2,2,2,2]
[-0.06361505,0.42528906,2.5430293,-0.07188739,0.4892094,2.5637162,-0.09442648,0.81928074,2.5540745,-0.11825958,0.97661614,2.5222006,-0.25696918,0.6943757,2.5437827,-0.39234215,0.55696684,2.5326042,-0.46368366,0.6295944,2.3099456,-0.4635109,0.6831359,2.2512336,0.07550531,0.72749966,2.57285,0.15760542,0.48801917,2.6163576,0.20437531,0.26723042,2.5191398,0.21010706,0.21398006,2.5197911,-0.13600522,0.3401433,2.5320058,-0.082188606,-0.005809731,2.5487375,-0.05542652,-0.2587703,2.5847962,0.018955825,-0.28788224,2.5084043,0.021489145,0.3609029,2.5492704,0.058679804,0.04568535,2.302905,0.1082095,-0.2877567,2.3919446,0.12860113,-0.34150532,2.340997]
[2,2,2,2,2,2,2,2,2,2,2,2,2,2,2,2,2,2,2,2]
[-0.06313533,0.42530835,2.5435293,-0.07120895,0.48937938,2.5643911,-0.09530993,0.82131934,2.555242,-0.11987448,0.9784142,2.5231595,-0.26101542,0.6986578,2.5482492,-0.40460873,0.56635284,2.522903,-0.48967308,0.68432814,2.3099952,-0.49365667,0.738733,2.2676656,0.07428262,0.728203,2.5716767,0.15776452,0.48870522,2.6107368,0.20406656,0.2680609,2.511877,0.21985903,0.2154384,2.5129557,-0.13388303,0.3394517,2.5332646,-0.0780799,-0.0046025245,2.5508518,-0.055816945,-0.2586946,2.5882287,0.02188538,-0.2870451,2.5152395,0.0218407,0.36120757,2.549341,0.073621646,0.0351383,2.3138032,0.12999623,-0.29158965,2.3975096,0.16860676,-0.35571703,2.3782418]
[2,2,2,2,2,2,2,2,2,2,2,2,2,2,2,2,2,2,2,2]
[-0.0625977,0.42539412,2.5439975,-0.070455134,0.4896587,2.5650778,-0.096318,0.82363623,2.5563612,-0.12154426,0.98042816,2.5239418,-0.2649122,0.7026919,2.5516458,-0.41984203,0.5805976,2.5161781,-0.50904906,0.72910005,2.3222058,-0.5153318,0.7943792,2.2890747,0.071693584,0.7296139,2.5695403,0.15763341,0.49023888,2.6046057,0.20429944,0.27024975,2.5062695,0.22404101,0.21783324,2.5037863,-0.1319554,0.3389601,2.5342677,-0.06912051,-0.028466929,2.5604124,-0.057248514,-0.28849244,2.5890083,0.029512957,-0.2959621,2.5253956,0.022301678,0.36167043,2.5493681,0.08340176,0.028082358,2.321526,0.15237112,-0.2937157,2.406374,0.20388763,-0.3631938,2.4065566]
[2,2,2,2,2,2,2,2,2,2,2,2,2,2,2,2,2,2,2,2]
[-0.062035248,0.42556858,2.5444112,-0.0697113,0.49003863,2.5657237,-0.097369365,0.8257714,2.5572815,-0.12307307,0.9823447,2.524581,-0.2686243,0.7065909,2.554242,-0.43798822,0.6019872,2.5107386,-0.52171636,0.7820536,2.3372507,-0.5289861,0.8520689,2.3148315,0.06914205,0.73101956,2.5675268,0.15739408,0.4916809,2.5990515,0.20833424,0.30210152,2.504756,0.22670749,0.22504883,2.496463,-0.13029253,0.3386598,2.5350327,-0.06654838,-0.031548984,2.562269,-0.05774749,-0.29288948,2.5898345,0.032678895,-0.29748914,2.5301142,0.022854082,0.3623069,2.5493193,0.09766102,0.010613482,2.334777,0.16836981,-0.29443955,2.4146173,0.22813326,-0.36270854,2.4237192]
[2,2,2,2,2,2,2,2,2,2,2,2,2,2,2,2,2,2,2,2]
[-0.061539896,0.42575827,2.5447297,-0.06908043,0.49041498,2.5662434,-0.09843548,0.82750034,2.5578442,-0.12433641,0.98401403,2.5250473,-0.2720727,0.7104098,2.5562162,-0.45139673,0.62041867,2.50959,-0.5290583,0.82770365,2.3524013,-0.5349373,0.8846166,2.336498,0.06668149,0.73230904,2.5657148,0.15720978,0.49300396,2.5942554,0.21064362,0.31524035,2.5041282,0.2282852,0.22984879,2.4917924,-0.12901308,0.33848342,2.5355456,-0.064842574,-0.035529368,2.5640044,-0.05826421,-0.29791892,2.5897813,0.03549301,-0.30026734,2.5338209,0.023377804,0.3629312,2.5492287,0.104430005,0.003482685,2.341037,0.19246203,-0.29546592,2.4234645,0.21783748,-0.34860238,2.372839]
[2,2,2,2,2,2,2,2,2,2,2,2,2,2,2,2,2,2,2,2]
[-0.061102454,0.42602143,2.5449667,-0.068545915,0.49086058,2.566677,-0.09958874,0.82910216,2.5582864,-0.12544604,0.98554474,2.5253875,-0.27538872,0.71412975,2.5578647,-0.46024522,0.6335863,2.5107396,-0.53161,0.85536724,2.368882,-0.536332,0.91429186,2.3663142,0.064550385,0.73343736,2.5642362,0.1570377,0.49413458,2.5903556,0.21187824,0.3223896,2.5032487,0.22867587,0.2349694,2.4858646,-0.12802118,0.33843613,2.5358765,-0.06421574,-0.036505863,2.565014,-0.0587395,-0.29883295,2.5883706,0.03725425,-0.30108264,2.5362306,0.023866896,0.36361676,2.5490592,0.110792376,-0.0020882785,2.3475037,0.23250407,-0.29974705,2.4348657,0.24051017,-0.34892184,2.3655028]
[2,2,2,2,2,2,2,2,2,2,2,2,2,2,2,2,2,2,2,2]
[-0.060726795,0.42633504,2.545143,-0.068116926,0.49136823,2.5670435,-0.10101173,0.8308492,2.558604,-0.12641056,0.9871667,2.5255725,-0.27827355,0.7173803,2.5589817,-0.4781646,0.6516531,2.5196698,-0.53201455,0.8716228,2.3823774,-0.53526217,0.9283532,2.3825865,0.06264832,0.7343675,2.563015,0.15678503,0.4950099,2.5873172,0.21271656,0.3268852,2.5025535,0.22898717,0.2386057,2.4815764,-0.12724899,0.33847818,2.5360763,-0.06484218,-0.035142,2.5654266,-0.059122153,-0.29685363,2.5855906,0.03936036,-0.30030242,2.5383239,0.024287123,0.36428663,2.5488741,0.115358554,-0.005072672,2.3529768,0.25931168,-0.30233362,2.4404995,0.25366083,-0.34777796,2.355206]
[2,2,2,2,2,2,2,2,2,2,2,2,2,2,2,2,2,2,2,2]
[-0.06044215,0.42670986,2.545248,-0.06781888,0.49192968,2.5673323,-0.10239137,0.8323971,2.5587769,-0.12717378,0.98861516,2.5256317,-0.2808717,0.7206997,2.559723,-0.48705697,0.65986377,2.5264444,-0.5301409,0.8845414,2.398919,-0.52792305,0.9487235,2.4074454,0.060944203,0.7351072,2.5620258,0.15648636,0.49566996,2.5850236,0.21335469,0.33003715,2.5019264,0.22930671,0.24122544,2.4784825,-0.12667046,0.3386556,2.5361483,-0.064949624,-0.036078695,2.5660095,-0.059277087,-0.29781815,2.584665,0.04152945,-0.30139872,2.541118,0.024590595,0.3649265,2.548658,0.119639486,-0.0058411574,2.358587,0.27612516,-0.3031191,2.4438825,0.26504564,-0.3467654,2.3499763]
[2,2,2,2,2,2,2,2,2,2,2,2,2,2,2,2,2,2,2,2]
[-0.060266465,0.42723456,2.5453002,-0.0676775,0.49266547,2.5675886,-0.10388114,0.8339902,2.5588725,-0.12788998,0.9901109,2.5255747,-0.28310207,0.7235329,2.5601988,-0.4905654,0.6657192,2.5303576,-0.5272882,0.89170796,2.4143598,-0.52467024,0.95779085,2.4211402,0.059332754,0.7357809,2.5612278,0.15615103,0.49625134,2.5832832,0.21378675,0.33234555,2.5013595,0.22870481,0.24539374,2.4756458,-0.12626141,0.33899054,2.5361106,-0.06531041,-0.037176907,2.5665507,-0.059357498,-0.29882604,2.583809,0.04345275,-0.3028731,2.5438004,0.024756067,0.36562908,2.5484161,0.12353504,-0.0048006414,2.3637812,0.29476017,-0.29968098,2.4473076,0.28432983,-0.34206313,2.3499231]
[2,2,2,2,2,2,2,2,2,2,2,2,2,2,2,2,2,2,2,2]
[-0.06022938,0.4279465,2.545331,-0.06772028,0.49356407,2.5678444,-0.105482504,0.83539516,2.5589123,-0.12847151,0.9914063,2.525471,-0.2852403,0.72619087,2.560564,-0.49142966,0.66998976,2.5336494,-0.5244858,0.8952761,2.428478,-0.52131426,0.9630729,2.432206,0.057756975,0.7364603,2.5605965,0.15560801,0.49680382,2.5818965,0.21409735,0.33396584,2.5009122,0.22761019,0.2481367,2.471798,-0.12601349,0.3394889,2.5360143,-0.06741454,-0.033696633,2.5667198,-0.059453033,-0.29501447,2.5814793,0.044823356,-0.3018811,2.5456703,0.024789724,0.36639732,2.5481741,0.12780707,-0.0025761663,2.3689961,0.3062769,-0.2973101,2.449724,0.2975183,-0.33890495,2.3519146]
[2,2,2,2,2,2,2,2,2,2,2,2,2,2,2,2,2,2,2,2]
[-0.060337823,0.42874506,2.545345,-0.06789814,0.4944928,2.568079,-0.10678393,0.83647436,2.5589027,-0.1290189,0.99254054,2.5254555,-0.28713202,0.7285265,2.5608606,-0.49021116,0.6726187,2.5366638,-0.5223189,0.89644223,2.439894,-0.5185244,0.96586925,2.4408455,0.05611786,0.7370568,2.5600324,0.15484534,0.49729976,2.5806224,0.21402839,0.33474824,2.5003178,0.22562788,0.25124893,2.4686651,-0.12596348,0.34014586,2.5358815,-0.06946303,-0.029980814,2.566717,-0.05931603,-0.29103407,2.579421,0.04597859,-0.300518,2.5470886,0.02464251,0.36718097,2.5479455,0.13297845,-9.892063E-5,2.3742857,0.32188013,-0.2901139,2.455038,0.31792542,-0.3314697,2.3617437]
[2,2,2,2,2,2,2,2,2,2,2,2,2,2,2,2,2,2,2,2]
[-0.060513835,0.42950463,2.5453482,-0.06817977,0.4953969,2.5682878,-0.10885374,0.8378127,2.558768,-0.1295249,0.99380535,2.5252843,-0.28906128,0.730732,2.5612342,-0.4886366,0.6738917,2.5393345,-0.52091104,0.89662606,2.449209,-0.51593405,0.96791536,2.4500868,0.054310113,0.73767567,2.5594914,0.15394488,0.4978582,2.57948,0.21370903,0.3350207,2.4997861,0.22414777,0.2533727,2.466574,-0.12604146,0.3408853,2.5357647,-0.071291,-0.026601095,2.566667,-0.05910671,-0.2874925,2.5777357,0.04689163,-0.29896018,2.5480614,0.024460645,0.36784863,2.547735,0.13753374,0.0022878565,2.378576,0.3307317,-0.28619003,2.4577713,0.32829767,-0.32791,2.3665397]
[2,2,2,2,2,2,2,2,2,2,2,2,2,2,2,2,2,2,2,2]
[-0.060746938,0.43021345,2.5453594,-0.06855516,0.49625388,2.568494,-0.11123169,0.8391073,2.5586257,-0.13042174,0.9950176,2.5249112,-0.29077488,0.7326313,2.5615964,-0.48697713,0.674305,2.5414932,-0.5201404,0.8960761,2.4572966,-0.51428694,0.96879303,2.4568045,0.05262859,0.73819196,2.5590491,0.152386,0.49824739,2.5781848,0.21310006,0.33463708,2.4992573,0.2227968,0.25512198,2.4652872,-0.12621334,0.34166992,2.5356877,-0.072852865,-0.023398565,2.566593,-0.058963835,-0.28419527,2.5763924,0.047527492,-0.29715213,2.5487077,0.024257755,0.36840466,2.5475569,0.14186151,0.0041089817,2.3822365,0.3370213,-0.28357497,2.4599457,0.33559194,-0.32574302,2.3704932]
[2,2,2,2,2,2,2,2,2,2,2,2,2,2,2,2,2,2,2,2]
[-0.061025176,0.4308613,2.545391,-0.068997055,0.4970512,2.5686967,-0.1137133,0.84029937,2.5584135,-0.13188334,0.9962501,2.524336,-0.2924988,0.73426783,2.5620134,-0.48566803,0.6741339,2.5433197,-0.5200473,0.89515686,2.4645696,-0.5136922,0.96902215,2.462938,0.050806936,0.73865163,2.558625,0.15075853,0.49862233,2.5770874,0.20897943,0.30636713,2.4918516,0.22392492,0.2523564,2.4616773,-0.12643893,0.34241107,2.5356724,-0.07394489,-0.021004217,2.5665343,-0.058902804,-0.28174144,2.5754461,0.047921583,-0.29559466,2.5491517,0.02404189,0.36887324,2.5474143,0.14521441,0.005456209,2.3850522,0.34123555,-0.28196785,2.4613118,0.34027702,-0.3244682,2.3729708]
[2,2,2,2,2,2,2,2,2,2,2,2,2,2,2,2,2,2,2,2]
[-0.061458174,0.4314455,2.5454347,-0.06972754,0.49782506,2.5688784,-0.118229985,0.84178823,2.5578637,-0.13361482,0.9976937,2.5236707,-0.2943224,0.7355266,2.5625088,-0.4850673,0.67406464,2.5448565,-0.5210504,0.8943626,2.4713757,-0.51449543,0.9679951,2.470154,0.048714682,0.7390937,2.558166,0.14889994,0.49901506,2.5760775,0.20754667,0.30223513,2.491096,0.22307673,0.25304443,2.4621391,-0.12675138,0.34309626,2.5357106,-0.074704215,-0.019302584,2.5664935,-0.058868386,-0.28000015,2.5747867,0.04815376,-0.29445332,2.5494065,0.023742523,0.36924264,2.547282,0.15257297,0.0038297016,2.3911388,0.34614214,-0.28279144,2.4624522,0.3458852,-0.32705575,2.3758492]
[2,2,2,2,2,2,2,2,2,2,2,2,2,2,2,2,2,2,2,2]
[-0.061988182,0.4319809,2.5455096,-0.07059441,0.49854076,2.5690427,-0.12268657,0.8429104,2.5572557,-0.13571961,0.9990658,2.5231495,-0.2966341,0.73642415,2.5633013,-0.48493403,0.67352,2.5464537,-0.5235668,0.8938821,2.4784014,-0.51716256,0.9668593,2.4784527,0.04652213,0.73959863,2.5577123,0.14693834,0.49949753,2.5751772,0.2050987,0.3043325,2.4940703,0.22052185,0.25700292,2.4671047,-0.12715194,0.3437277,2.5358536,-0.07529575,-0.018003155,2.5664744,-0.05888104,-0.27868447,2.574303,0.04829784,-0.29377648,2.5495687,0.02343335,0.36954436,2.5471706,0.15872179,0.0023164905,2.3961625,0.35085163,-0.2841719,2.4626946,0.35060623,-0.3295736,2.3773603]
[2,2,2,2,2,2,2,2,2,2,2,2,2,2,2,1,2,2,2,2]
[-0.06296144,0.4324904,2.5456548,-0.07210288,0.49923012,2.5692673,-0.12879774,0.843872,2.5570326,-0.13959825,1.0006515,2.5231993,-0.30009177,0.73699987,2.564656,-0.48578814,0.6724005,2.5486913,-0.52655524,0.8932074,2.4842842,-0.52020174,0.96582013,2.4855056,0.04370095,0.7401323,2.5571434,0.14505997,0.50012934,2.5743597,0.2032871,0.30750582,2.496955,0.21841674,0.26028743,2.471522,-0.12778696,0.34433135,2.536124,-0.07583213,-0.016943974,2.566499,-0.05889759,-0.27764046,2.5739503,0.048385743,-0.29325953,2.549682,0.022872407,0.36976603,2.5470328,0.16445231,4.5706355E-4,2.400608,0.3550496,-0.28690735,2.4622092,0.35433844,-0.33320674,2.3779652]
[2,2,2,2,2,2,2,2,2,2,2,2,2,2,2,1,2,2,2,2]
[-0.06413503,0.43285736,2.545839,-0.07371012,0.49974737,2.5694597,-0.13349195,0.8444932,2.5567977,-0.14515957,1.001942,2.5231287,-0.3040086,0.7369727,2.5663922,-0.48767358,0.67000824,2.5524821,-0.5301962,0.8927915,2.4898975,-0.52368945,0.9660359,2.4925027,0.0401074,0.74052477,2.5563397,0.14334215,0.50083965,2.573633,0.201453,0.31236634,2.499991,0.21695568,0.26300088,2.475864,-0.12861222,0.3447965,2.53656,-0.07631969,-0.016039168,2.5665507,-0.05893331,-0.27675784,2.5737224,0.04840773,-0.2928242,2.5497358,0.02213699,0.3698872,2.5468776,0.17881905,-0.008052795,2.4097972,0.35941783,-0.29040647,2.4605038,0.35776928,-0.33720067,2.3772593]
[2,2,2,2,2,2,2,2,2,2,2,2,2,2,2,1,2,2,2,2]
[-0.065464705,0.4330929,2.546061,-0.07539511,0.5001066,2.5696428,-0.13774541,0.84484184,2.5566874,-0.15461008,1.0026189,2.5231516,-0.30917194,0.7363669,2.5690703,-0.4912389,0.6673134,2.5574365,-0.53434026,0.89300525,2.4951344,-0.52783054,0.9667543,2.4987464,0.03572012,0.7408594,2.5554109,0.14169277,0.501737,2.5729752,0.20019864,0.31335017,2.5011866,0.21620429,0.26238272,2.4785056,-0.12952816,0.34514692,2.5371077,-0.07670915,-0.01534019,2.5666146,-0.058994714,-0.27599198,2.573748,0.048304006,-0.29241458,2.5498035,0.021228274,0.3698948,2.5466921,0.18877096,-0.014723606,2.4166899,0.36719704,-0.29731438,2.4539428,0.36359802,-0.34433836,2.3719232]
[2,2,2,2,2,2,2,2,2,2,2,1,2,2,2,2,2,2,2,2]
[-0.067276925,0.4331025,2.5463703,-0.07756795,0.5002508,2.5698972,-0.14268678,0.84518445,2.5569668,-0.16246957,1.0028832,2.5227785,-0.31453922,0.73535234,2.5718887,-0.49547824,0.664118,2.5629668,-0.5387906,0.89352965,2.499615,-0.5316467,0.9670791,2.5032532,0.030645274,0.7412203,2.5543709,0.13994107,0.50291395,2.5722077,0.19968122,0.31332007,2.501846,0.21721482,0.2595452,2.483101,-0.13073295,0.34534076,2.537825,-0.07706795,-0.014729638,2.5667,-0.05906862,-0.27529258,2.5738914,0.048240643,-0.29216778,2.5498533,0.019902557,0.36968276,2.5464506,0.19548605,-0.019216493,2.422197,0.37382734,-0.3030844,2.447475,0.3686483,-0.35036254,2.3660989]
[2,2,2,2,2,2,2,2,2,2,2,2,2,2,2,1,2,2,2,2]
[-0.06918204,0.43297887,2.5467055,-0.07979311,0.5002487,2.5701628,-0.14780314,0.8452697,2.5573497,-0.16978301,1.0028327,2.5226557,-0.3204609,0.7339981,2.575171,-0.5002601,0.660617,2.568172,-0.54260486,0.8939596,2.5031238,-0.53706616,0.9649756,2.5073814,0.024929035,0.74158657,2.553231,0.13796958,0.50439966,2.5710258,0.19944315,0.31371346,2.5023024,0.21436182,0.25865266,2.4846866,-0.13196632,0.34542763,2.5385973,-0.07749394,-0.014067429,2.5668504,-0.05915685,-0.27455926,2.574117,0.048146434,-0.2919773,2.549887,0.018473683,0.36936757,2.5462005,0.20071581,-0.023066841,2.4276822,0.38190484,-0.31054354,2.4408414,0.3750594,-0.35795805,2.3597631]
[2,2,2,2,2,2,2,2,2,2,2,2,2,2,2,1,2,2,2,2]
[-0.07145468,0.43258613,2.5470965,-0.08248077,0.49950895,2.5704613,-0.15849495,0.8161536,2.5580435,-0.17972605,0.98940784,2.5282574,-0.32678166,0.7319389,2.578663,-0.5065465,0.65716946,2.5742059,-0.5470639,0.8936797,2.5071692,-0.5426206,0.96202946,2.511606,0.019166106,0.7419264,2.5521657,0.13579412,0.5060712,2.5693042,0.19963999,0.31460822,2.502554,0.21188919,0.25851598,2.4860427,-0.13356347,0.34520277,2.5396056,-0.07792997,-0.0133560775,2.567089,-0.05926982,-0.2737873,2.5744205,0.048014052,-0.2918294,2.5499113,0.016637992,0.36883712,2.5458634,0.2094977,-0.02975611,2.4365335,0.38706762,-0.3154283,2.4367957,0.37909183,-0.3629548,2.3558037]
[2,2,2,2,2,2,2,2,2,2,2,2,2,2,2,1,2,2,2,2]
[-0.07379067,0.43191975,2.5475142,-0.08519142,0.4980871,2.5707316,-0.1625902,0.8027237,2.5580974,-0.18834294,0.98070115,2.5315073,-0.333682,0.72911745,2.5822477,-0.5127569,0.65360796,2.5792155,-0.55098736,0.892677,2.5107064,-0.5479839,0.95817065,2.5155277,0.013276461,0.7423083,2.551102,0.13345692,0.50800145,2.5671294,0.20323107,0.3059209,2.4988005,0.21074732,0.25250405,2.485145,-0.13543263,0.3444824,2.5409474,-0.07844357,-0.012518433,2.5673602,-0.059437305,-0.2728406,2.5748825,0.047829106,-0.29169935,2.5499556,0.014539283,0.36804327,2.5454452,0.21565695,-0.03381967,2.4434285,0.39043748,-0.31882787,2.4342506,0.38163665,-0.3664429,2.353284]
[2,2,2,2,2,2,2,2,2,2,2,1,2,2,2,1,2,2,2,2]
[-0.07597888,0.4310316,2.5478582,-0.087726876,0.4962211,2.5708334,-0.16512981,0.79492784,2.557877,-0.19957963,0.9740577,2.5344203,-0.34011903,0.7257856,2.5856051,-0.5186204,0.6501229,2.5831232,-0.55415,0.8914733,2.5136032,-0.5517377,0.9549345,2.5182781,0.0068754316,0.74254984,2.5498226,0.13110527,0.510127,2.5646274,0.20588604,0.29911876,2.4957018,0.20994967,0.24673398,2.4838889,-0.1371644,0.3434266,2.542337,-0.07888196,-0.011750514,2.5676243,-0.05965235,-0.27189958,2.5754626,0.04757747,-0.29161334,2.5500176,0.012573523,0.36715332,2.544928,0.22096516,-0.03648656,2.450481,0.39315614,-0.32179347,2.43251,0.38359305,-0.36943468,2.3515368]
[2,2,2,2,2,2,2,2,2,2,2,1,2,2,2,1,2,2,2,2]
[-0.0779577,0.43006864,2.5481362,-0.09000018,0.4941495,2.570822,-0.16709055,0.78866935,2.5576112,-0.20801425,0.9700506,2.536383,-0.34593347,0.7225873,2.5886285,-0.5237074,0.6452302,2.5855484,-0.5570792,0.89013207,2.516224,-0.5547438,0.9520687,2.5205407,-1.6471418E-4,0.7427023,2.54842,0.12886116,0.51262885,2.561767,0.20861323,0.29328904,2.492095,0.2097099,0.24121241,2.4819114,-0.1385976,0.34228632,2.5436287,-0.078064136,-0.01906557,2.5711148,-0.05977258,-0.27906883,2.577827,0.04697129,-0.29532394,2.5504534,0.010631373,0.3662334,2.5442896,0.22467951,-0.037858978,2.455489,0.39563984,-0.32478538,2.4317136,0.38528273,-0.37237072,2.350658]
[2,2,2,2,2,2,2,2,2,2,2,1,2,2,2,1,2,2,2,2]
[-0.079936095,0.42906785,2.5483227,-0.09215907,0.49256364,2.5706906,-0.18149936,0.80661076,2.5564194,-0.21900532,0.97378784,2.5353134,-0.3504291,0.719845,2.5909717,-0.52759147,0.63996935,2.5868304,-0.5604993,0.88780564,2.5190868,-0.55915046,0.9475857,2.523663,-0.0055999514,0.74281895,2.5473263,0.12021063,0.5295591,2.5588222,0.2104412,0.29478648,2.4880207,0.20948522,0.24013391,2.47977,-0.13994898,0.3410812,2.5448432,-0.07720773,-0.026329393,2.5739973,-0.059874635,-0.2863642,2.5800014,0.04635875,-0.2997357,2.5509913,0.008714373,0.36541468,2.543515,0.22740683,-0.038355734,2.459137,0.39804512,-0.32873645,2.4330077,0.38688052,-0.37635753,2.3517897]
[2,2,2,2,2,2,2,2,2,2,2,1,2,2,2,1,2,2,2,2]
[-0.08164093,0.42813852,2.5484295,-0.09405503,0.49104586,2.570419,-0.18532784,0.79774463,2.5547602,-0.22546236,0.9723956,2.5362403,-0.35378727,0.71770483,2.592767,-0.5295032,0.6317071,2.5881422,-0.56327975,0.88437825,2.521452,-0.5631132,0.9393782,2.5260909,-0.0098383855,0.74293447,2.546471,0.11592329,0.53819954,2.5569923,0.21478586,0.30036342,2.4814405,0.21995504,0.24660826,2.465789,-0.14102119,0.33994734,2.5458863,-0.07636177,-0.031645987,2.5759232,-0.059910957,-0.2917307,2.5814362,0.04585953,-0.30374646,2.5514386,0.007011889,0.36471203,2.542708,0.22956088,-0.03825904,2.462095,0.39973173,-0.3316056,2.4342854,0.3879442,-0.37930334,2.352974]
[2,2,2,2,2,2,2,2,2,2,2,2,2,2,2,1,2,2,2,2]
[-0.08344525,0.4269549,2.5484195,-0.096028246,0.48922303,2.5699568,-0.18718296,0.7913965,2.5537024,-0.23162687,0.97124916,2.5368938,-0.35660475,0.71562576,2.5942626,-0.5298047,0.62167346,2.5895095,-0.56579006,0.8779045,2.5238338,-0.56724143,0.92321455,2.5273254,-0.013339931,0.74297196,2.5457428,0.113738015,0.5432546,2.5554903,0.217975,0.30476534,2.4762836,0.23031443,0.25284564,2.4541094,-0.14208734,0.3384254,2.5468934,-0.075766385,-0.035515446,2.577184,-0.059949066,-0.29565448,2.5823922,0.045452613,-0.30719325,2.5518222,0.0052624075,0.36395785,2.5417306,0.23128134,-0.037791345,2.4643826,0.4011999,-0.33361036,2.4359066,0.38886854,-0.38136727,2.3544972]
[2,2,2,2,2,2,2,2,2,2,2,2,2,2,2,1,2,2,2,2]
[-0.08495556,0.4258834,2.5483224,-0.09765792,0.48757386,2.5694237,-0.18798947,0.7866944,2.5530422,-0.23666058,0.9703931,2.5371797,-0.35892105,0.71359855,2.5954602,-0.5308938,0.61694264,2.5898967,-0.5727089,0.8252758,2.5296433,-0.56991804,0.91140264,2.528102,-0.016358707,0.74299544,2.5450525,0.11256349,0.5465796,2.5538068,0.22509867,0.32474962,2.4672391,0.23918957,0.2680263,2.4454236,-0.14289455,0.33708566,2.5476706,-0.07282331,-0.027426483,2.575707,-0.06056242,-0.28821874,2.581545,0.044912253,-0.30718008,2.5518055,0.0037015413,0.3632795,2.5406487,0.23278265,-0.036955286,2.4661682,0.4030637,-0.3349174,2.4380312,0.39017966,-0.38273463,2.3564913]
[2,2,2,2,2,2,2,2,2,2,2,2,2,2,2,1,2,2,2,2]
[-0.08626069,0.42490292,2.5481493,-0.09900764,0.48612615,2.568858,-0.18823428,0.7833326,2.5526145,-0.24093373,0.9696597,2.5371282,-0.36085373,0.7116385,2.596384,-0.53133273,0.6117595,2.5898688,-0.6016028,0.7754135,2.52492,-0.57163924,0.90412694,2.5286286,-0.019050358,0.74296546,2.5443125,0.11209257,0.5489757,2.5521894,0.22911842,0.33767328,2.4622068,0.24363959,0.27891916,2.439998,-0.14352258,0.33594295,2.5482514,-0.07075944,-0.029380249,2.5754893,-0.06057072,-0.28980187,2.5816138,0.04468763,-0.30891207,2.5519166,0.0023173317,0.36266792,2.5395591,0.23415968,-0.035822295,2.4674282,0.4046321,-0.3356066,2.4400005,0.39126953,-0.3834874,2.3583856]
[2,2,2,2,2,2,2,2,2,2,2,2,2,2,2,1,2,2,2,2]
[-0.087417156,0.42401248,2.5479121,-0.10017109,0.48485258,2.5682726,-0.18832518,0.7809154,2.5523295,-0.24465367,0.96911687,2.5369492,-0.3623409,0.70996,2.597048,-0.53162634,0.6072721,2.5898402,-0.60017884,0.76495713,2.5270855,-0.57278043,0.8991633,2.5289583,-0.021383453,0.74287784,2.5435452,0.112215154,0.5505807,2.550316,0.23104979,0.34806558,2.458739,0.24783865,0.29073188,2.435069,-0.14401041,0.33498064,2.5486836,-0.06893366,-0.031607144,2.5752401,-0.06050488,-0.29175168,2.5815601,0.04455936,-0.3104918,2.552045,0.0010436367,0.3621362,2.5384343,0.2354044,-0.034450382,2.4681273,0.40610632,-0.33563325,2.441994,0.3923082,-0.38358113,2.3603473]
[2,2,2,2,2,2,2,2,2,2,2,2,2,2,2,1,2,2,2,2]
[-0.089352444,0.42237836,2.5472097,-0.10198873,0.48267496,2.5670156,-0.18809517,0.77783245,2.551931,-0.24966858,0.9683437,2.536293,-0.36429784,0.70729536,2.5977557,-0.5317431,0.595348,2.5884247,-0.58423156,0.7981551,2.5215948,-0.5743916,0.88829947,2.5276332,-0.025063563,0.7425567,2.5419114,0.11431349,0.55165416,2.545039,0.23229623,0.35881308,2.4549484,0.25151592,0.30189243,2.4299662,-0.14470127,0.33340603,2.5491822,-0.0663787,-0.035452053,2.5747955,-0.059916418,-0.2955432,2.580883,0.044659812,-0.31314686,2.552106,-0.0011520871,0.36116302,2.5361464,0.23714076,-0.031954754,2.4681199,0.40806478,-0.33502972,2.445032,0.39360526,-0.38304594,2.3634448]
[2,2,2,2,2,2,2,2,2,2,2,2,2,2,2,1,2,2,2,2]
[-0.090113595,0.42164677,2.5467834,-0.10267869,0.48174804,2.566366,-0.1879226,0.77685285,2.5517416,-0.2513241,0.9680615,2.5358863,-0.36495194,0.70613426,2.5977793,-0.53165174,0.59193015,2.5869653,-0.5805182,0.79820704,2.5205944,-0.5746886,0.8836684,2.5262928,-0.02640473,0.7423393,2.541143,0.11559524,0.55150753,2.5423644,0.23227663,0.3617822,2.453659,0.25164515,0.3031883,2.4268203,-0.14493237,0.3327232,2.549284,-0.065576084,-0.03707485,2.5746803,-0.059552204,-0.29729012,2.580428,0.044817716,-0.31437528,2.552107,-0.0019839534,0.3607472,2.5351093,0.23734817,-0.03106326,2.4673095,0.40847966,-0.33470318,2.446047,0.39380786,-0.38271743,2.3645196]
[2,2,2,2,2,2,2,2,2,2,2,2,2,2,2,1,2,2,2,2]
[-0.09072317,0.4210705,2.546386,-0.1032082,0.48102614,2.5658104,-0.18769594,0.7761392,2.5515919,-0.2525282,0.9678291,2.5355215,-0.36543036,0.7051154,2.597633,-0.5310334,0.5895108,2.5837722,-0.57702583,0.7975172,2.5194957,-0.57475495,0.87971693,2.5246937,-0.027467154,0.7421511,2.5404634,0.12232211,0.5419718,2.5273046,0.230924,0.36238667,2.451323,0.24726713,0.29656568,2.4205067,-0.1451024,0.33218,2.5493245,-0.06500657,-0.0384475,2.5746186,-0.059303246,-0.29879984,2.5799549,0.044958215,-0.3155792,2.5521092,-0.0026913097,0.3604579,2.5341733,0.23665574,-0.03060634,2.4663444,0.40860572,-0.33459747,2.4469981,0.3937658,-0.38261375,2.365542]
[2,2,2,2,2,2,2,2,2,2,2,2,2,2,2,1,2,2,2,2]
[-0.09121046,0.42057222,2.5459974,-0.10361894,0.4804157,2.5653033,-0.18743677,0.77561367,2.55146,-0.25337887,0.96764964,2.535191,-0.36575606,0.7042252,2.597318,-0.5271155,0.5847895,2.5784917,-0.57411504,0.79603267,2.5182207,-0.5745916,0.8750321,2.521685,-0.02826379,0.7419779,2.5398889,0.123454,0.5405149,2.524434,0.21939266,0.32929212,2.4423795,0.2485294,0.2860862,2.4121373,-0.14521895,0.33169183,2.5492926,-0.06457386,-0.039901335,2.5746408,-0.059031513,-0.30039096,2.5794566,0.045148715,-0.31700954,2.5521097,-0.0032424973,0.36021647,2.5333776,0.23346499,-0.031320617,2.4643192,0.40753797,-0.3362634,2.449185,0.39259058,-0.3842923,2.367806]
[2,2,2,2,2,2,2,2,2,2,2,2,2,2,2,1,2,2,2,2]
[-0.091590606,0.42011723,2.5455978,-0.10393396,0.4798733,2.5648203,-0.18713525,0.77523285,2.5513318,-0.25388715,0.9675066,2.53488,-0.36580855,0.70311147,2.5963182,-0.5242908,0.58170396,2.574869,-0.5709985,0.7933455,2.5154893,-0.5737679,0.8716349,2.5178459,-0.028829591,0.7417947,2.5393894,0.12481653,0.53616107,2.520416,0.21418683,0.3115794,2.4376674,0.24982738,0.2781925,2.4068906,-0.14527808,0.33120304,2.5491643,-0.06458453,-0.039809868,2.574476,-0.058783893,-0.30027163,2.5788965,0.045210805,-0.3175307,2.552115,-0.003660472,0.3600012,2.5326877,0.22652504,-0.034123167,2.4611032,0.39400068,-0.3433165,2.4641714,0.37963533,-0.3911894,2.3826141]
[2,2,2,2,2,2,2,2,2,2,2,2,2,2,2,1,2,2,2,2]
[-0.091957554,0.41974494,2.545172,-0.10429443,0.47962558,2.5643318,-0.19011231,0.81211233,2.5506155,-0.25511587,0.9717522,2.5321438,-0.3656086,0.70199955,2.5949054,-0.52158433,0.5792263,2.5710483,-0.5670786,0.79008883,2.510384,-0.569991,0.86891127,2.508415,-0.029231783,0.7416254,2.5389628,0.124165274,0.53553426,2.5203278,0.21139258,0.30502018,2.435889,0.24947704,0.27388385,2.4047947,-0.14546265,0.33080703,2.5489423,-0.06523156,-0.038641334,2.5740044,-0.058475632,-0.29912463,2.5782108,0.045333207,-0.31796977,2.5524101,-0.0040227575,0.35983628,2.5320523,0.21666677,-0.038482796,2.4574428,0.3752577,-0.35539365,2.4664328,0.36172932,-0.40307096,2.3849251]
[2,2,2,2,2,2,2,2,2,2,2,2,2,2,2,1,2,2,2,2]
[-0.09226027,0.41943994,2.5447721,-0.104594596,0.47944215,2.5638893,-0.18596917,0.8071105,2.5498939,-0.25441608,0.9719972,2.5315251,-0.3650408,0.7010411,2.5931897,-0.5185346,0.5763875,2.5689662,-0.5580028,0.7824483,2.495201,-0.56070745,0.8616246,2.4874268,-0.029462015,0.74147195,2.5386035,0.12460941,0.53311855,2.5193403,0.20972046,0.30065495,2.4346292,0.24651845,0.26568186,2.4058466,-0.14563522,0.33047986,2.5486658,-0.066688515,-0.03651119,2.5732114,-0.058117647,-0.2970902,2.5774822,0.045371644,-0.3182606,2.5524197,-0.0043186303,0.35970175,2.5315073,0.20309934,-0.044915814,2.4543524,0.34156796,-0.36207935,2.466548,0.3289187,-0.4097141,2.3850343]
[2,2,2,2,2,2,2,2,2,2,2,2,2,2,2,1,2,2,2,2]
[-0.09249923,0.41920128,2.5443997,-0.104851864,0.4794162,2.5634508,-0.1847975,0.8199854,2.5493994,-0.25335172,0.97457105,2.5295954,-0.36358142,0.7000869,2.5905704,-0.5154772,0.5725527,2.5668924,-0.54996574,0.7764251,2.4815543,-0.5508961,0.85473526,2.4709647,-0.0294195,0.74129826,2.5382586,0.12505957,0.5308951,2.5191543,0.2082613,0.29841605,2.4346335,0.24342242,0.26101804,2.4088302,-0.14579993,0.33024302,2.5483563,-0.06823518,-0.0344245,2.5724168,-0.057804998,-0.29505822,2.5768597,0.045391105,-0.3184752,2.5523849,-0.0045451247,0.3595929,2.5310466,0.18694638,-0.052602474,2.4517245,0.330514,-0.36938915,2.473061,0.3183782,-0.41699186,2.3914258]
[2,2,2,2,2,2,2,2,2,2,2,2,2,2,2,1,2,2,2,2]
[-0.092691295,0.41898888,2.5440357,-0.105074786,0.4794516,2.5630543,-0.18424551,0.8270746,2.5491643,-0.2509786,0.9775187,2.5275352,-0.36145505,0.6992258,2.5875182,-0.51244086,0.5685135,2.5644474,-0.5340226,0.76228076,2.4595397,-0.5315524,0.83504134,2.44708,-0.02892948,0.7410902,2.5379212,0.12561904,0.5288468,2.5196283,0.2066559,0.3024633,2.4398856,0.23728356,0.25984788,2.4153361,-0.14598696,0.33004186,2.5479734,-0.069810696,-0.032273524,2.571568,-0.057535756,-0.2928921,2.5762873,0.045372825,-0.31864306,2.5522842,-0.0046991967,0.3594722,2.5306444,0.17347883,-0.05897729,2.4486332,0.31566617,-0.3775089,2.472914,0.3042719,-0.42503142,2.391231]
[2,2,2,2,2,2,2,2,2,2,2,2,2,2,2,1,2,2,2,2]
[-0.0928284,0.4187825,2.5436578,-0.10525495,0.4795247,2.5626955,-0.18386817,0.83126646,2.54903,-0.24587579,0.98092246,2.5247433,-0.3586212,0.69838065,2.5841203,-0.50641996,0.56033146,2.5605628,-0.5166724,0.74931383,2.4388356,-0.5122849,0.8142522,2.4265306,-0.02681998,0.7408278,2.5377164,0.12661675,0.5263966,2.521456,0.20569913,0.30716565,2.445531,0.22930932,0.2591553,2.4238324,-0.14618996,0.32983738,2.5474265,-0.07153121,-0.029936446,2.5706608,-0.057327896,-0.29048237,2.5757587,0.045243286,-0.31875992,2.5519671,-0.0047817645,0.35931584,2.5302887,0.15954679,-0.06521936,2.4438019,0.29062808,-0.38651785,2.4650652,0.28057367,-0.43397453,2.3833883]
[2,2,2,2,2,2,2,2,2,2,2,2,2,2,2,1,2,2,2,2]
[-0.09291937,0.41859284,2.5432978,-0.10539136,0.47962135,2.5623965,-0.1834826,0.83413047,2.5490255,-0.24016182,0.9837052,2.5219617,-0.35532305,0.6973505,2.5804648,-0.47735834,0.54387504,2.547198,-0.4901183,0.7287209,2.4126742,-0.48376897,0.7819023,2.3973088,-0.023256736,0.74056095,2.537874,0.12786756,0.52373755,2.5246098,0.20533334,0.31150943,2.4519181,0.222774,0.25861642,2.4350646,-0.14642023,0.32962635,2.5467682,-0.073461555,-0.027122525,2.5696836,-0.057196505,-0.28749523,2.5752654,0.044948578,-0.31866866,2.5513315,-0.0048020873,0.35913238,2.5299788,0.14421056,-0.069148175,2.4353764,0.27622816,-0.3886835,2.461732,0.26717114,-0.43619066,2.3799956]
[2,2,2,2,2,2,2,2,2,2,2,2,2,2,2,1,2,2,2,2]
[-0.09296897,0.41841727,2.542944,-0.10548175,0.47974145,2.5621314,-0.18301302,0.8361203,2.5490339,-0.23335253,0.98609567,2.5199852,-0.35169324,0.6967517,2.5769851,-0.46110624,0.53594476,2.5408275,-0.47002965,0.7057507,2.3913238,-0.46435156,0.7493177,2.374298,-0.01902612,0.740197,2.5383003,0.12921503,0.5210609,2.5287316,0.2060259,0.3144741,2.4622207,0.21773417,0.25633615,2.4545465,-0.1466638,0.32943764,2.5460267,-0.07522856,-0.024569103,2.5688548,-0.05713694,-0.28471994,2.5748734,0.044327978,-0.31828994,2.5499313,-0.004785092,0.35894033,2.529713,0.13140725,-0.07002642,2.4261682,0.2573466,-0.38373727,2.4603972,0.2599979,-0.4377454,2.3922527]
[2,2,2,2,2,2,2,2,2,2,2,2,2,2,2,1,2,2,2,2]
[-0.0929105,0.41825125,2.542545,-0.10547271,0.47991297,2.5618677,-0.18237808,0.83741593,2.5491028,-0.22691865,0.98779064,2.5187645,-0.3471615,0.69666255,2.5735776,-0.44600007,0.5300568,2.5362966,-0.44681647,0.6772735,2.3683093,-0.441241,0.71598184,2.3521829,-0.014160513,0.74001384,2.5390527,0.13056272,0.51856965,2.5342677,0.20629558,0.31733382,2.4724078,0.21469036,0.25606808,2.466684,-0.14680089,0.32928908,2.5451295,-0.07704655,-0.022294464,2.568148,-0.057544366,-0.2822555,2.574641,0.043102447,-0.3177125,2.548022,-0.0046922327,0.35874778,2.5294807,0.11954537,-0.06744409,2.4147305,0.2297578,-0.37312767,2.4477224,0.25755557,-0.4366331,2.4028845]
[2,2,2,2,2,2,2,2,2,2,2,2,2,2,2,1,2,2,2,2]
[-0.09273321,0.4180803,2.5421026,-0.10537319,0.48011747,2.5616248,-0.1815644,0.83815396,2.549271,-0.22130717,0.98896635,2.517885,-0.34114876,0.69646734,2.5697832,-0.42772067,0.52369565,2.5304406,-0.42057928,0.6609884,2.3451407,-0.4168085,0.6754874,2.328918,-0.009627732,0.74000174,2.539909,0.1318255,0.51675904,2.539623,0.20622824,0.3179455,2.4806328,0.21282414,0.25498393,2.4752715,-0.14683071,0.32918876,2.5441437,-0.07883623,-0.020312931,2.5675476,-0.057971984,-0.28010732,2.574483,0.04100826,-0.3169157,2.5446634,-0.004516638,0.35854387,2.5292726,0.11068079,-0.064360514,2.4031653,0.21386762,-0.36448613,2.434723,0.2533551,-0.43528688,2.4041467]
[2,2,2,2,2,2,2,2,2,2,2,2,2,2,2,1,2,2,2,2]
[-0.09242309,0.41792953,2.5416164,-0.10512763,0.48038518,2.5613847,-0.18023618,0.8382118,2.5495412,-0.21618353,0.9894666,2.5171647,-0.3361175,0.696119,2.5668678,-0.40848592,0.51719916,2.5211911,-0.39374235,0.6202987,2.324594,-0.3935876,0.63410974,2.3124251,-0.005641223,0.7401637,2.5407498,0.1328584,0.51554745,2.5444825,0.20628387,0.31833428,2.486999,0.21180916,0.25436062,2.4821434,-0.14675052,0.3291347,2.543079,-0.0803136,-0.018824384,2.5670846,-0.058333453,-0.2784485,2.574427,0.03828756,-0.31577247,2.540084,-0.0042510265,0.35835785,2.5290937,0.103088394,-0.05867062,2.3888674,0.20671077,-0.3608335,2.4118567,0.2508126,-0.4349669,2.3957894]
[2,2,2,2,2,2,2,2,2,2,2,2,2,2,2,1,2,2,2,2]
[-0.092077434,0.41779587,2.5411532,-0.104836926,0.48065135,2.5611944,-0.17861815,0.8377949,2.5499258,-0.21224873,0.9895939,2.516793,-0.33008522,0.69619477,2.5642066,-0.37388173,0.5085586,2.5116012,-0.36671472,0.57280475,2.305031,-0.3657816,0.5865605,2.2965739,-0.0021869065,0.74040496,2.5415602,0.13387814,0.5148545,2.5491197,0.20615555,0.31847215,2.4917686,0.21124338,0.2539356,2.4878373,-0.1466281,0.3291226,2.5420175,-0.0816467,-0.017636646,2.5666459,-0.05856535,-0.2771186,2.5743804,0.03503731,-0.31427073,2.5342097,-0.003974662,0.35820365,2.5289567,0.09513334,-0.050808974,2.373735,0.19992453,-0.3533298,2.387205,0.21879196,-0.4124472,2.3334908]
[2,2,2,2,2,2,2,2,2,2,2,2,2,2,2,1,2,2,2,2]
[-0.09165008,0.41767892,2.5406919,-0.104412325,0.48094717,2.561045,-0.17633201,0.8369483,2.550455,-0.20876858,0.9894292,2.5167072,-0.32435474,0.69714254,2.562316,-0.34177092,0.50382495,2.5111578,-0.33294192,0.5362924,2.2903428,-0.33309042,0.5379243,2.2884097,7.9763104E-4,0.7405818,2.542344,0.1347597,0.51433676,2.5529478,0.20594685,0.318291,2.4954386,0.21091683,0.2535463,2.4917765,-0.14645007,0.32917106,2.54098,-0.08264355,-0.016789198,2.566316,-0.05862023,-0.27612615,2.5741801,0.030549912,-0.31128526,2.523487,-0.0036638356,0.35807702,2.528854,0.086841844,-0.039648063,2.3569949,0.19626975,-0.34671384,2.3726993,0.21476243,-0.408206,2.323342]
[2,2,2,2,2,2,2,2,2,2,2,2,2,2,2,2,2,2,2,2]
[-0.09115821,0.41764778,2.5402699,-0.10381767,0.48134154,2.5609994,-0.17338751,0.8357412,2.5514195,-0.20515783,0.9889157,2.517078,-0.31978023,0.69824487,2.5610898,-0.32879043,0.5017881,2.5097005,-0.29776233,0.49660876,2.2854483,-0.29805613,0.49143994,2.2844143,0.0034187692,0.7406541,2.5431414,0.13547337,0.5138421,2.5561352,0.20549554,0.31913945,2.499962,0.21072422,0.25346476,2.494641,-0.14613463,0.32938993,2.5398135,-0.08336144,-0.01627058,2.5660667,-0.058610864,-0.2754722,2.5740201,0.02715212,-0.3088205,2.5148194,-0.003336205,0.35808545,2.5288548,0.08144295,-0.030661533,2.3433282,0.19309136,-0.34019077,2.351274,0.1948356,-0.3903646,2.2731438]
[2,2,2,2,2,1,2,2,2,2,2,2,2,2,2,2,2,2,2,2]
[-0.09068981,0.41767186,2.5399003,-0.10320907,0.48175848,2.5610542,-0.17067641,0.8345981,2.5524426,-0.20205532,0.98834985,2.517587,-0.31645435,0.6990919,2.5602775,-0.32043472,0.5003509,2.508469,-0.26483843,0.46818075,2.2907162,-0.2588249,0.45628434,2.2747808,0.0057771066,0.74056345,2.5439808,0.13606818,0.51328003,2.5587595,0.2049402,0.31955862,2.5030963,0.21065813,0.25338247,2.4968853,-0.14585973,0.3297173,2.5386348,-0.08391565,-0.015906757,2.565869,-0.058576804,-0.27498168,2.5738795,0.024631705,-0.306847,2.5085554,-0.002996189,0.3581876,2.52893,0.076974735,-0.02292597,2.3315372,0.19111082,-0.3358089,2.3404632,0.19609135,-0.3882024,2.267868]
[2,2,2,2,2,1,2,2,2,2,2,2,2,2,2,2,2,2,2,2]
[-0.09021182,0.4178222,2.5395603,-0.10252237,0.48228687,2.561221,-0.16746758,0.83331496,2.5535562,-0.1992455,0.98761505,2.5182424,-0.31384215,0.69964164,2.5597363,-0.31565508,0.5004032,2.5072207,-0.24681929,0.45275226,2.2937586,-0.22492753,0.4322642,2.2686017,0.008294631,0.74047697,2.544997,0.13651778,0.5126998,2.5607126,0.20124795,0.30468103,2.505557,0.21512169,0.2451055,2.4990885,-0.14561622,0.33020753,2.5374584,-0.08433254,-0.015692744,2.565735,-0.05788837,-0.27460784,2.5735202,0.023138417,-0.30470386,2.50248,-0.002661097,0.35842925,2.529082,0.072835326,-0.014717018,2.3195524,0.18635894,-0.3278147,2.3297472,0.19509837,-0.38327515,2.2657006]
[2,2,2,2,2,2,1,2,2,2,2,2,2,2,2,2,2,2,2,2]
[-0.08971056,0.41805488,2.5392425,-0.101768605,0.4828724,2.5614903,-0.16376132,0.8320235,2.5547068,-0.19603615,0.9868034,2.519217,-0.31117788,0.6997999,2.5591733,-0.31426382,0.5011258,2.5058587,-0.23255408,0.435523,2.3032503,-0.1987986,0.39982602,2.2689285,0.01099626,0.74034077,2.5461087,0.13691838,0.51206,2.5622797,0.19990656,0.30329823,2.5080197,0.21554922,0.2440885,2.5004473,-0.14537728,0.3307609,2.5363572,-0.084675826,-0.01557594,2.5656357,-0.057149358,-0.27435562,2.5731645,0.021826325,-0.30306068,2.4977944,-0.0023411193,0.35874265,2.529269,0.069727756,-0.009096409,2.31116,0.1774629,-0.319585,2.3176017,0.17359489,-0.36607873,2.2373319]
[2,2,2,2,2,2,1,2,2,2,2,2,2,2,2,2,2,2,2,2]
[-0.089155585,0.4183964,2.5389345,-0.1009047,0.483547,2.561889,-0.15943828,0.83099276,2.5560582,-0.19138311,0.9862346,2.5208988,-0.30806786,0.69964606,2.5583673,-0.31355354,0.5018076,2.5043404,-0.2180458,0.4070334,2.3329163,-0.1790436,0.37997803,2.268057,0.013788386,0.74022245,2.5472898,0.1372175,0.5113514,2.5635695,0.20092987,0.29544652,2.5090697,0.21654426,0.23646194,2.5016634,-0.14512964,0.33145228,2.5352368,-0.08497514,-0.015525793,2.5655558,-0.056135148,-0.27414846,2.572766,0.020832254,-0.30199835,2.4942744,-0.0020228156,0.35914946,2.529495,0.066626914,-0.0042440444,2.3040662,0.16282523,-0.3143034,2.3029506,0.1547164,-0.35848153,2.216243]
[2,2,2,2,2,2,2,2,2,2,2,2,2,2,2,2,2,2,2,2]
[-0.08847041,0.4188559,2.5386155,-0.09977481,0.48434433,2.56244,-0.15284039,0.8306313,2.5577774,-0.18151394,0.98675704,2.5236344,-0.30465844,0.69945407,2.5571556,-0.31061038,0.5035284,2.4983923,-0.2070896,0.3896501,2.3443637,-0.14201064,0.3576334,2.2608283,0.018236665,0.7398569,2.5489352,0.13768752,0.5100402,2.5649664,0.20076314,0.2944635,2.5095956,0.21655603,0.23483324,2.5025516,-0.14483276,0.33222786,2.534012,-0.08536204,-0.01561645,2.565469,-0.055245668,-0.27405563,2.5723975,0.01892027,-0.30115,2.4903605,-0.0016920351,0.3595965,2.5297604,0.059144273,0.009433753,2.2940063,0.14223431,-0.30396804,2.2937539,0.13621828,-0.34844026,2.205463]
[2,2,2,2,2,2,2,2,2,2,2,2,2,2,2,2,2,2,2,2]
[-0.08782038,0.41929573,2.5383239,-0.098754235,0.4850209,2.5630326,-0.14690228,0.8304985,2.559292,-0.16911791,0.988251,2.5273175,-0.3005008,0.69881636,2.5548906,-0.3109626,0.5043292,2.495761,-0.19896798,0.3805446,2.3569913,-0.12911285,0.34949204,2.2817163,0.024426544,0.7390224,2.5510087,0.13830276,0.50770396,2.566636,0.20025413,0.29498062,2.5099046,0.21613936,0.23379268,2.5031683,-0.1446009,0.332971,2.5326433,-0.087318115,-0.02196902,2.5648453,-0.052951567,-0.27870864,2.571957,0.015525085,-0.30388445,2.4854052,-0.0013908994,0.359991,2.5300322,0.053480297,0.01797659,2.2876265,0.114473835,-0.2980798,2.288753,0.11324013,-0.34298387,2.2003143]
[2,2,2,2,2,2,2,2,2,2,2,2,2,2,2,2,2,2,2,2]
[-0.0871739,0.41968328,2.5380409,-0.09775979,0.4855376,2.5636218,-0.13888703,0.8300799,2.5605187,-0.15693092,0.98942435,2.5311344,-0.29400972,0.69787365,2.5506873,-0.31027842,0.5047835,2.493495,-0.15729198,0.3607216,2.3466496,-0.1052384,0.3370982,2.279948,0.031913128,0.7374869,2.5535972,0.13902426,0.50397533,2.568591,0.19457075,0.2808929,2.505544,0.21730699,0.22631508,2.502874,-0.14440997,0.3336317,2.531128,-0.090027794,-0.025668815,2.5636866,-0.05190148,-0.28074753,2.571267,0.01216239,-0.3056492,2.481179,-0.0011262799,0.36029264,2.5303202,0.046705958,0.025593322,2.2821124,0.09074479,-0.29402828,2.2869914,0.0933606,-0.33934486,2.1990256]
[2,2,2,2,2,2,2,1,2,2,2,2,2,2,2,2,2,2,2,2]
[-0.086413234,0.4200221,2.5376863,-0.0967277,0.48588425,2.5641656,-0.13132451,0.8294738,2.5614138,-0.14505811,0.99024415,2.5343945,-0.2863254,0.69708604,2.5446563,-0.30832234,0.505241,2.489792,-0.15586773,0.36219478,2.3592267,-0.10279636,0.33228582,2.3070061,0.040262833,0.7349362,2.5566628,0.13923965,0.49830577,2.5713422,0.18385926,0.28576636,2.50503,0.20639633,0.22800891,2.4978282,-0.14423113,0.3341562,2.5291994,-0.09493204,-0.033245247,2.5620575,-0.051174365,-0.28573063,2.5703018,0.006918178,-0.30988938,2.4764974,-8.5453957E-4,0.36052433,2.530601,0.03825243,0.033096578,2.2777064,0.06323872,-0.28452787,2.2917757,0.069678105,-0.33070698,2.205041]
[2,2,2,2,2,2,2,2,2,2,2,2,2,2,2,2,2,2,2,2]
[-0.085574225,0.42034206,2.5372477,-0.09577961,0.4861145,2.5646343,-0.124107756,0.8286131,2.5620444,-0.13469955,0.9903539,2.5366514,-0.27826244,0.69692236,2.537841,-0.30789247,0.5059765,2.4871004,-0.16067325,0.36913782,2.3715694,-0.10617251,0.33297384,2.3244016,0.04836441,0.73258585,2.5606647,0.13862872,0.49213254,2.5745394,0.1765931,0.28870115,2.5045464,0.19171259,0.23225358,2.4911656,-0.14406295,0.3348062,2.5264773,-0.09929604,-0.039214045,2.5606177,-0.051294677,-0.2902849,2.5690854,8.257758E-4,-0.3140441,2.4719577,-6.0385466E-4,0.3606955,2.5308666,0.028262932,0.041272916,2.2737463,0.045701906,-0.27680427,2.2977424,0.054933462,-0.33796754,2.2526307]
[2,2,2,2,2,2,2,2,2,2,2,2,2,2,2,2,2,2,2,2]
[-0.08440127,0.4207439,2.5367427,-0.09461592,0.48633063,2.565137,-0.11680863,0.8276103,2.5622523,-0.11224363,0.99003214,2.5390873,-0.26990515,0.69731486,2.5300136,-0.30735603,0.5069581,2.4842255,-0.15991174,0.3710548,2.3768613,-0.10478619,0.33116665,2.3338695,0.056561813,0.7309456,2.565942,0.1376905,0.48694474,2.5775495,0.17121021,0.2906174,2.5045826,0.18136013,0.23474105,2.4866698,-0.1436904,0.33555567,2.5236166,-0.10354147,-0.04403895,2.5592337,-0.052386466,-0.29444426,2.5677497,-0.0075017465,-0.31639782,2.466928,-1.273443E-4,0.36082423,2.5314496,0.005270515,0.06702171,2.2631829,0.027499603,-0.26456484,2.3087938,0.037866525,-0.33522433,2.2891061]
[2,2,2,2,2,2,2,2,2,2,2,2,2,2,2,2,2,2,2,2]
[-0.08314492,0.4211714,2.5362337,-0.093508735,0.48652282,2.5656216,-0.11132745,0.8269587,2.5623908,-0.10141239,0.9898755,2.5401716,-0.26298645,0.6977291,2.5229027,-0.30656874,0.508098,2.480514,-0.13775632,0.35679612,2.3703558,-0.08636488,0.31380883,2.3342884,0.062224995,0.7299033,2.5700762,0.13683893,0.4830833,2.5803976,0.16607375,0.29042694,2.5060234,0.1754496,0.23527157,2.484336,-0.14328486,0.33636066,2.5208318,-0.1073558,-0.047592275,2.5579019,-0.056213267,-0.29893824,2.5654993,-0.01716718,-0.3177225,2.4620154,4.5354257E-4,0.36092502,2.5321903,-0.0042508575,0.077407226,2.258981,0.012648268,-0.25288022,2.3216765,0.02648918,-0.33191678,2.3049352]
[2,2,2,2,2,2,2,1,2,2,2,2,2,2,2,2,2,2,2,2]
