Enregistrement d'un squelette Kinect
[-0.081783496,0.3951097,2.4661918,-0.09038697,0.46060318,2.5045981,-0.084877625,0.80969787,2.4860592,-0.08079018,1.0148432,2.4618077,-0.24028403,0.67184556,2.4366705,-0.26490363,0.46193925,2.3750334,-0.14375219,0.29991212,2.2815313,-0.11024737,0.25982141,2.257219,0.083558165,0.7105468,2.5026064,0.18108964,0.49038717,2.534993,0.21086472,0.29911187,2.4540117,0.21455178,0.2190449,2.4237556,-0.15343714,0.31552815,2.4463682,-0.12983543,-0.12937066,2.4941661,-0.07266826,-0.4695073,2.5344748,-0.059069313,-0.52099496,2.4513326,-0.0040627276,0.3253396,2.4726777,0.0024376295,-0.0970594,2.2973003,0.044506326,-0.4505893,2.3791385,0.060987834,-0.49719483,2.2975314]
[2,2,2,2,2,2,2,2,2,2,2,2,2,2,2,2,2,2,2,2]
[-0.0802637,0.39475906,2.4663615,-0.08835241,0.4603451,2.5042975,-0.08230546,0.80928963,2.4859948,-0.07584575,1.0146325,2.4620726,-0.23716834,0.67369986,2.4377909,-0.30948475,0.49354205,2.3768616,-0.21255164,0.3522525,2.2416718,-0.17337906,0.31285852,2.2067528,0.08631801,0.710013,2.5027645,0.18099634,0.4870817,2.5314076,0.20627017,0.2937676,2.4472723,0.20989217,0.21491998,2.414286,-0.15273136,0.31566596,2.446611,-0.13015103,-0.12923215,2.4939272,-0.07330314,-0.47003943,2.5336645,-0.057386633,-0.5175875,2.442452,-0.0028120733,0.324693,2.4728153,0.002513394,-0.09759825,2.2983983,0.044136036,-0.4509156,2.3796933,0.060776707,-0.49756104,2.2982414]
[2,2,2,2,2,2,2,2,2,2,2,2,2,2,2,2,2,2,2,2]
[-0.07873781,0.39450383,2.4666488,-0.086257555,0.4601692,2.5041492,-0.07979481,0.8088237,2.4861004,-0.071841866,1.0140995,2.4617586,-0.23446926,0.67630225,2.4399025,-0.35001215,0.52091116,2.3913732,-0.2797179,0.41362053,2.1937947,-0.24618843,0.38524884,2.1512125,0.08873918,0.7094116,2.502965,0.18055256,0.48338613,2.5279596,0.20213194,0.28860512,2.4419878,0.20594023,0.21102542,2.4069767,-0.15195215,0.31587425,2.447062,-0.1302949,-0.12908578,2.4937541,-0.073739514,-0.4704349,2.5329437,-0.05632719,-0.51545215,2.4368575,-0.0014810748,0.3241013,2.4730124,0.0055388305,-0.097289756,2.299257,0.04386687,-0.45116335,2.380005,0.060561076,-0.49785382,2.2986224]
[2,2,2,2,2,2,2,2,2,2,2,2,2,2,2,2,2,2,2,2]
[-0.07728133,0.394282,2.4670541,-0.08409022,0.46001795,2.504176,-0.07733546,0.8083572,2.4863703,-0.06871301,1.013497,2.4613025,-0.23214181,0.68048483,2.444392,-0.38953987,0.55344313,2.4099483,-0.31517702,0.45227724,2.1785955,-0.3246867,0.47539473,2.1086702,0.090785444,0.70869553,2.5030506,0.179791,0.47917584,2.5244203,0.19905254,0.2844337,2.4381027,0.20319004,0.20781627,2.4020152,-0.15106007,0.31610113,2.4479103,-0.12972546,-0.1290475,2.4938347,-0.07404648,-0.47074774,2.5324042,-0.055869818,-0.5140343,2.4331264,-2.5437877E-4,0.32357594,2.473229,0.012017787,-0.095779166,2.2997363,0.044276014,-0.4510316,2.3792543,0.060582258,-0.49779877,2.2978835]
[2,2,2,2,2,2,1,2,2,2,2,2,2,2,2,2,2,2,2,2]
[-0.07588105,0.39420193,2.4675512,-0.08177889,0.46000734,2.5043485,-0.075146556,0.80795085,2.4867136,-0.06641755,1.012954,2.4608598,-0.23223627,0.6874422,2.4537091,-0.41445032,0.58601564,2.400583,-0.40916836,0.5523673,2.153193,-0.412625,0.5782754,2.0814517,0.09276965,0.7077996,2.5031455,0.17897071,0.47549143,2.5214837,0.19695443,0.2813765,2.4354851,0.20105821,0.20526247,2.3988004,-0.15019399,0.3163417,2.4489398,-0.12768193,-0.12955399,2.494653,-0.074232474,-0.47096446,2.5320268,-0.056494683,-0.51345426,2.431737,9.597193E-4,0.32315156,2.4734576,0.021912906,-0.09339631,2.3008678,0.049230505,-0.44923782,2.375923,0.06312771,-0.49643317,2.294868]
[2,2,2,2,2,2,2,2,2,2,2,2,2,2,2,2,2,2,2,2]
[-0.07429369,0.394334,2.4682088,-0.07924983,0.46020424,2.5046632,-0.07333697,0.8076277,2.4870741,-0.06470984,1.0124604,2.4604077,-0.23424378,0.6949419,2.4632611,-0.43855843,0.625934,2.401054,-0.4681446,0.6669417,2.161143,-0.45015645,0.6913035,2.1207528,0.094535485,0.70671666,2.5030334,0.17799649,0.4717603,2.5183187,0.19562201,0.27840054,2.4334805,0.19980481,0.20220423,2.3969948,-0.14926112,0.3166161,2.4501917,-0.12512562,-0.13002527,2.495748,-0.07408643,-0.4709628,2.5317323,-0.057162665,-0.5129246,2.4322257,0.002710066,0.32287458,2.473736,0.05285328,-0.082181856,2.2958276,0.06634254,-0.44149357,2.3725731,0.0748106,-0.48985004,2.2912402]
[2,2,2,2,2,2,2,2,2,2,2,2,2,2,2,2,2,2,2,2]
[-0.072313674,0.3949181,2.4691017,-0.07632216,0.46081045,2.5051403,-0.07167342,0.8073831,2.48748,-0.06348366,1.0120251,2.459957,-0.2378745,0.70377314,2.4724338,-0.45513058,0.681965,2.393462,-0.49705508,0.78691006,2.1662724,-0.50068974,0.83261496,2.1196399,0.09589535,0.7055547,2.5026507,0.1767613,0.46833873,2.5148106,0.19511168,0.2744051,2.431841,0.19943772,0.19658387,2.3974428,-0.14813021,0.31710315,2.4517312,-0.12228649,-0.13047457,2.4968188,-0.07287164,-0.47063658,2.5318232,-0.069047555,-0.53195983,2.4794776,0.0049790954,0.32295474,2.4740791,0.07437241,-0.07277502,2.294196,0.10924686,-0.43231565,2.3776767,0.14773215,-0.4847247,2.3925452]
[2,2,2,2,2,2,2,2,2,2,2,2,2,2,2,2,2,2,2,2]
[-0.070450015,0.39582637,2.4699993,-0.07364222,0.46169513,2.5056028,-0.07033122,0.8072589,2.4878612,-0.062547944,1.0116534,2.4594686,-0.24310675,0.71484166,2.4803314,-0.46678013,0.7321528,2.4042706,-0.5201106,0.8627763,2.2252574,-0.5163512,0.8921976,2.1872232,0.09685293,0.704132,2.5017505,0.17556319,0.46543705,2.5113978,0.19773634,0.2645503,2.4294019,0.20063458,0.18538865,2.398021,-0.14708592,0.31777936,2.453303,-0.11858943,-0.13033974,2.497803,-0.07078266,-0.46998906,2.5322073,-0.0741981,-0.5406423,2.502321,0.007119152,0.32327494,2.4743495,0.0974257,-0.064879626,2.2950153,0.16577975,-0.4325562,2.3952007,0.22069122,-0.48383942,2.4218717]
[2,2,2,2,2,2,2,2,2,2,2,2,2,2,2,2,2,2,2,2]
[-0.068633646,0.39748943,2.4708903,-0.0712054,0.46308863,2.5059843,-0.069355905,0.8072065,2.4881587,-0.061795115,1.0113512,2.4589908,-0.24869439,0.72626096,2.4869583,-0.46990928,0.7840839,2.4193614,-0.54745436,0.9359474,2.2745423,-0.5726912,1.0122994,2.2266493,0.097439386,0.7027547,2.5003777,0.1736892,0.46299133,2.5075052,0.19955838,0.2584343,2.4280424,0.20225514,0.17772679,2.3996458,-0.14604895,0.3190576,2.455092,-0.11426069,-0.12935439,2.4987407,-0.06765351,-0.46821746,2.5324497,-0.07623094,-0.5436187,2.5126007,0.009216591,0.324028,2.4744277,0.11534819,-0.05957728,2.2966132,0.21412076,-0.43017772,2.4089296,0.22775292,-0.47949675,2.3592262]
[2,2,2,2,2,2,2,1,2,2,2,2,2,2,2,2,2,2,2,2]
[-0.06715118,0.39984536,2.4717,-0.0691425,0.4650132,2.5062754,-0.06864273,0.8072544,2.4884088,-0.061196934,1.0111427,2.4584432,-0.25438592,0.7389548,2.493068,-0.47718984,0.8478264,2.4294112,-0.5833619,1.0299927,2.2984943,-0.6066297,1.086375,2.2639625,0.097518064,0.7011846,2.4984326,0.17181899,0.46133348,2.5037947,0.20087627,0.25481698,2.4274342,0.20498829,0.17213571,2.4031918,-0.14525402,0.32115817,2.457065,-0.11023026,-0.12779641,2.499454,-0.06399613,-0.4658981,2.5325017,-0.07737058,-0.5452366,2.5189624,0.010931239,0.32503426,2.4743202,0.13125098,-0.05549131,2.298941,0.2670144,-0.41485974,2.4142175,0.27904058,-0.46251056,2.3538215]
[2,2,2,2,2,2,1,1,2,2,2,2,2,2,2,2,2,2,2,2]
[-0.066137396,0.40237817,2.4723783,-0.06755688,0.46713075,2.5064633,-0.06811254,0.8074349,2.4886277,-0.06070229,1.011072,2.4578018,-0.25826263,0.74840945,2.4975588,-0.47444662,0.8870191,2.4409149,-0.59422874,1.063894,2.3175094,-0.6233852,1.1217867,2.2843666,0.09706425,0.6997186,2.4960697,0.16926906,0.46055946,2.4990196,0.20188043,0.25306377,2.4273374,0.20794515,0.16995285,2.4074411,-0.14486219,0.32377583,2.459128,-0.106791504,-0.12549388,2.499813,-0.06021026,-0.46371135,2.5325587,-0.07814339,-0.5457896,2.5237854,0.012231558,0.3261555,2.4740725,0.14231826,-0.053306453,2.3011181,0.2941067,-0.39938447,2.4101999,0.2956011,-0.44187936,2.3220603]
[2,2,2,2,2,2,1,1,2,2,2,2,2,2,2,2,2,2,2,2]
[-0.06555419,0.40479183,2.4728808,-0.066392116,0.4691565,2.506539,-0.067707025,0.8076899,2.4888256,-0.06033793,1.0110792,2.457178,-0.26068094,0.7560051,2.5011785,-0.46374658,0.91265494,2.4560802,-0.5866994,1.1016028,2.3661025,-0.61983085,1.1643121,2.345807,0.09596911,0.69848865,2.4932823,0.16668913,0.46000692,2.4946477,0.20389774,0.25481457,2.428724,0.21169886,0.17234093,2.412775,-0.14482155,0.32647046,2.4609132,-0.103654996,-0.12253247,2.4999447,-0.057264224,-0.4618939,2.5324795,-0.07781425,-0.5450045,2.526228,0.013096743,0.32738647,2.4736936,0.1513634,-0.052542303,2.3037388,0.31658325,-0.3850607,2.4046707,0.31044072,-0.42878577,2.3072696]
[2,2,2,2,2,2,1,1,2,2,2,2,2,2,2,2,2,2,2,2]
[-0.06551578,0.4069963,2.473226,-0.0656928,0.4709795,2.5065117,-0.06742155,0.80799264,2.4889872,-0.06006904,1.0111481,2.4565763,-0.26208377,0.7631279,2.504884,-0.45291606,0.93105227,2.4698513,-0.61277163,1.0947652,2.4430926,-0.66399944,1.1474003,2.4386814,0.09394565,0.69744766,2.490011,0.16395591,0.45979476,2.490077,0.20568828,0.25697267,2.4300382,0.2147632,0.17481977,2.416577,-0.14533597,0.32926604,2.4625745,-0.10145126,-0.11981019,2.499961,-0.054994952,-0.46035805,2.532375,-0.07674284,-0.5431511,2.5268207,0.013228799,0.32874343,2.473059,0.15946217,-0.053243008,2.3074718,0.33189216,-0.37936842,2.4020717,0.3209393,-0.42347854,2.3004398]
[2,2,2,2,2,2,1,1,2,2,2,2,2,2,2,2,2,2,2,2]
[-0.06573928,0.40891784,2.4734852,-0.06527452,0.47258756,2.5064464,-0.06723834,0.80836076,2.489138,-0.060018394,1.0112702,2.455859,-0.26278242,0.7685399,2.5078685,-0.44413233,0.9429759,2.4804735,-0.61853445,1.096955,2.4788983,-0.6768822,1.1434262,2.4859157,0.09077659,0.6964745,2.4863195,0.1614424,0.4595046,2.486201,0.20683984,0.25857732,2.430935,0.21690942,0.17657848,2.4190853,-0.14596607,0.33177826,2.463995,-0.100000545,-0.117520034,2.499999,-0.05340557,-0.45911726,2.53228,-0.07524095,-0.5408404,2.5260847,0.012899773,0.33019844,2.4723258,0.16509698,-0.054471083,2.310959,0.34162995,-0.3763016,2.400861,0.32820147,-0.42066485,2.2965264]
[2,2,2,2,2,2,1,1,2,2,2,2,2,2,2,2,2,2,2,2]
[-0.06625424,0.41060796,2.4737206,-0.06511464,0.4740235,2.5063887,-0.06716091,0.8089822,2.489342,-0.060097083,1.0115507,2.455146,-0.2629465,0.77323323,2.510427,-0.43621555,0.9512008,2.4888337,-0.618614,1.1010746,2.5001602,-0.67978495,1.145893,2.5112605,0.08583862,0.6950412,2.4817915,0.15898836,0.45868474,2.4825282,0.20763642,0.25934973,2.4314632,0.21839397,0.17740645,2.4206133,-0.14680284,0.3341583,2.4653625,-0.099164456,-0.11554431,2.5000398,-0.052301638,-0.4581687,2.532211,-0.07265689,-0.5379775,2.5229826,0.011926604,0.33171788,2.4715147,0.17222354,-0.061536442,2.3190484,0.3514803,-0.40115288,2.410598,0.3378378,-0.4478343,2.3146703]
[2,2,2,2,2,2,1,1,2,2,2,2,2,2,2,2,2,2,2,2]
[-0.066818655,0.41191626,2.4739182,-0.0650942,0.4751731,2.5063312,-0.06717873,0.80968356,2.4895403,-0.060251333,1.0118936,2.454459,-0.26264334,0.77667767,2.5122385,-0.4294195,0.95515645,2.4945476,-0.6149954,1.1029346,2.5133972,-0.6757169,1.1465065,2.5260906,0.08182264,0.69402254,2.4782462,0.15658194,0.4579851,2.4791625,0.20809802,0.25994813,2.4318635,0.21939602,0.17802626,2.4216685,-0.14753655,0.33606532,2.4665155,-0.09896542,-0.114067785,2.5001214,-0.051557697,-0.4576253,2.5324678,-0.07126705,-0.5361798,2.5206203,0.010814897,0.3329694,2.4708087,0.17614885,-0.066682965,2.3247485,0.3523661,-0.41646287,2.4143267,0.33848152,-0.46534392,2.3241417]
[2,2,2,2,2,2,1,1,2,2,2,2,2,2,2,2,2,2,2,2]
[-0.067719236,0.41302505,2.4741833,-0.065370664,0.4761984,2.5063226,-0.06749854,0.8106449,2.489786,-0.060479406,1.0123643,2.4538143,-0.26221693,0.77920073,2.5135603,-0.4243022,0.9572648,2.4983158,-0.6073508,1.1035341,2.5197182,-0.6644577,1.1467905,2.530932,0.078143045,0.69309515,2.4751244,0.15460642,0.4572437,2.4761581,0.2082311,0.2602622,2.4320297,0.22002296,0.17831482,2.4223664,-0.14845002,0.3377711,2.467715,-0.09958659,-0.11249173,2.5001528,-0.051037442,-0.45723104,2.5327342,-0.06980909,-0.5345415,2.5176864,0.009265068,0.33405444,2.4702106,0.17768784,-0.071833245,2.3305738,0.3337175,-0.43117896,2.410042,0.32288572,-0.47885853,2.3252213]
[2,2,2,2,2,2,1,1,2,2,2,2,2,2,2,2,2,2,2,2]
[-0.06884813,0.41383904,2.474511,-0.06584691,0.4770255,2.506366,-0.06799196,0.8117201,2.4901152,-0.060939062,1.012999,2.4534023,-0.26161283,0.7811175,2.514561,-0.42014056,0.9583703,2.5006893,-0.59677356,1.1042105,2.5202615,-0.64925426,1.1484118,2.528287,0.0749813,0.69236046,2.4725873,0.15289702,0.45631865,2.4732053,0.20785122,0.25906298,2.4317517,0.21922979,0.1766854,2.4215252,-0.1493685,0.33912486,2.4688551,-0.100690275,-0.111265816,2.5001633,-0.050841283,-0.45696205,2.5331259,-0.06876807,-0.5334197,2.515401,0.007341122,0.33487925,2.4697037,0.1758825,-0.078056864,2.336872,0.31380284,-0.43985632,2.403313,0.3039742,-0.48723498,2.3217967]
[2,2,2,2,2,2,1,1,2,2,2,2,2,2,2,2,2,2,2,2]
[-0.07039527,0.41456923,2.4749115,-0.06670556,0.47782865,2.5064719,-0.068590686,0.8127609,2.4904978,-0.061366834,1.0136383,2.4531958,-0.26096904,0.7824943,2.515267,-0.41679916,0.9587192,2.5020487,-0.58614373,1.10517,2.517655,-0.63512844,1.1508276,2.5228467,0.072597146,0.6919491,2.470745,0.15160826,0.45537502,2.4707255,0.20727016,0.2575796,2.4312558,0.21831946,0.17489178,2.4203465,-0.15045677,0.3404558,2.4700735,-0.10268224,-0.11001828,2.4998672,-0.050779216,-0.45677596,2.5335083,-0.06777217,-0.5324994,2.513189,0.004361717,0.33576477,2.4691126,0.17013884,-0.08292211,2.3428297,0.28867987,-0.44282135,2.3922515,0.27853954,-0.49003267,2.3121843]
[2,2,2,2,2,2,1,1,2,2,2,2,2,2,2,2,2,2,2,2]
[-0.072138175,0.41517803,2.4753363,-0.067842856,0.4785493,2.5066183,-0.06928892,0.81365645,2.4908915,-0.061756186,1.0142117,2.4531553,-0.26020166,0.7835293,2.5157952,-0.41366223,0.9584331,2.502524,-0.5762576,1.1067499,2.5132635,-0.6229054,1.1539931,2.516312,0.07088267,0.6916628,2.4694545,0.15068379,0.45456147,2.468731,0.20638944,0.25510043,2.430283,0.21725789,0.17227428,2.4187756,-0.15153025,0.34161076,2.4712164,-0.104833394,-0.10899994,2.4993696,-0.0509017,-0.45666543,2.5339234,-0.06728748,-0.53191537,2.5118396,0.0011854297,0.33652207,2.4685738,0.16215047,-0.08800013,2.3484364,0.27554017,-0.44431785,2.387396,0.30204618,-0.49359384,2.3858607]
[2,2,2,2,2,2,1,1,2,2,2,2,2,2,2,2,2,2,2,2]
[-0.074211575,0.41579846,2.4758463,-0.06935337,0.47928366,2.5068417,-0.07006545,0.81443286,2.4912908,-0.06206901,1.0146937,2.4531896,-0.25942296,0.78434926,2.5162425,-0.41122037,0.9579989,2.5026333,-0.5688481,1.1082863,2.5091865,-0.61431116,1.1567222,2.5110025,0.06966124,0.6914684,2.4685538,0.1500236,0.45396185,2.4672513,0.20542991,0.2515794,2.4288294,0.21624126,0.16880853,2.4169478,-0.15299411,0.3428664,2.4725578,-0.10717488,-0.10811808,2.4987514,-0.05117945,-0.4566398,2.5343683,-0.06699235,-0.531517,2.5108137,-0.0018134004,0.33717397,2.4681544,0.15033583,-0.08899911,2.3537302,0.26008803,-0.4433606,2.3844788,0.25916776,-0.48884198,2.3415892]
[2,2,2,2,2,2,1,1,2,2,2,2,2,2,2,2,2,2,2,2]
[-0.07651333,0.41646844,2.4763596,-0.07117125,0.4800505,2.50712,-0.07096293,0.8151629,2.4917853,-0.062325478,1.0150863,2.453246,-0.25856066,0.7851049,2.5166736,-0.4093129,0.9577149,2.5027804,-0.56341237,1.1097786,2.5063403,-0.60829103,1.1590394,2.5075827,0.06879097,0.69133425,2.4679177,0.14951974,0.4535895,2.4661553,0.20470631,0.24852896,2.427631,0.21548139,0.16588286,2.4155643,-0.15449965,0.34403273,2.4737477,-0.10945193,-0.10759408,2.4983006,-0.05158997,-0.45666656,2.534838,-0.06680706,-0.53122556,2.5099974,-0.0050078817,0.33785555,2.4677742,0.13889539,-0.08734439,2.3577816,0.24894935,-0.4418314,2.3844614,0.27866632,-0.49409643,2.4034152]
[2,2,2,2,2,2,1,1,2,2,2,2,2,2,2,2,2,2,2,2]
[-0.07883511,0.41717616,2.476848,-0.07308641,0.4808405,2.5074198,-0.07190308,0.8158631,2.492305,-0.062676884,1.0155216,2.4533923,-0.25768703,0.7859604,2.5172343,-0.4079049,0.95754355,2.5029647,-0.55970293,1.1110818,2.504336,-0.6042982,1.160877,2.5052779,0.0681481,0.691247,2.46746,0.14913927,0.45343316,2.4653652,0.20426792,0.24593948,2.4267306,0.21505001,0.16384532,2.4147785,-0.15601228,0.34512603,2.4748037,-0.111503154,-0.10724875,2.4980109,-0.052092504,-0.45668945,2.535301,-0.06663305,-0.530975,2.509261,-0.008061225,0.33855766,2.4674754,0.13034593,-0.085201435,2.3603878,0.24150923,-0.44064203,2.3858414,0.28685227,-0.49440286,2.4379897]
[2,2,2,2,2,2,1,1,2,2,2,2,2,2,2,2,2,2,2,2]
[-0.080872305,0.41781035,2.477262,-0.07484438,0.48156172,2.5077176,-0.072920345,0.81664455,2.4929254,-0.06312821,1.0160134,2.45356,-0.2569407,0.786741,2.5178602,-0.4068498,0.95743906,2.5032334,-0.5570525,1.1121722,2.5031729,-0.6014751,1.1623288,2.5039618,0.067648076,0.6912062,2.4671352,0.14881502,0.4536085,2.4646924,0.20402956,0.24384622,2.4261272,0.2148026,0.16251314,2.4144008,-0.15734084,0.34604278,2.4756584,-0.11341866,-0.10718247,2.4980211,-0.05270621,-0.4567487,2.5357893,-0.0665158,-0.5307961,2.5086985,-0.010611637,0.33918086,2.4672515,0.1240347,-0.08289377,2.3620236,0.22716685,-0.43278408,2.3901606,0.28759724,-0.49418855,2.4501722]
[2,2,2,2,2,2,1,1,2,2,2,2,2,2,2,2,2,2,2,2]
[-0.08267053,0.41837704,2.4776285,-0.07645425,0.4822124,2.5080233,-0.07395981,0.8174191,2.493577,-0.06372402,1.0165775,2.453819,-0.25629035,0.7873997,2.5185213,-0.4061187,0.95741034,2.5038254,-0.55514115,1.112984,2.5027962,-0.5994176,1.1634828,2.503598,0.067271985,0.6911899,2.4669096,0.14851643,0.45438623,2.4642067,0.20395246,0.24202721,2.425766,0.21466516,0.16161275,2.4142897,-0.15855145,0.34683812,2.4763741,-0.115022324,-0.10725905,2.4981656,-0.053309824,-0.4567727,2.5362465,-0.06641523,-0.5306284,2.5082169,-0.012711868,0.33969316,2.467107,0.119759165,-0.08109878,2.363011,0.21962675,-0.42866662,2.392799,0.2879822,-0.49400198,2.4581048]
[2,2,2,2,2,2,1,1,2,2,2,2,2,2,2,2,2,2,2,2]
[-0.08414399,0.41885656,2.4779377,-0.077785,0.48276314,2.5083098,-0.07490513,0.8181367,2.4942002,-0.06430664,1.0171295,2.4540951,-0.2557146,0.78804576,2.5193849,-0.40624848,0.9580392,2.505553,-0.5536798,1.1138165,2.5033042,-0.5979785,1.1646683,2.5046089,0.06698341,0.6912008,2.4667633,0.14829041,0.45516053,2.4639065,0.2039768,0.24066502,2.425588,0.214736,0.16106279,2.4147954,-0.15959372,0.3475023,2.476985,-0.11627482,-0.10738356,2.498352,-0.05386651,-0.45678982,2.5366514,-0.066354774,-0.53049433,2.507847,-0.014344478,0.34010428,2.4670033,0.11675642,-0.079589255,2.3635848,0.2150362,-0.4262471,2.3945832,0.2861534,-0.491587,2.4609854]
[2,2,2,2,2,2,1,1,2,2,2,2,2,2,2,2,2,2,2,2]
[-0.085371174,0.41928485,2.4782314,-0.07888474,0.48324636,2.5086017,-0.07576315,0.8187856,2.4947958,-0.06530181,1.0178837,2.4546757,-0.2552719,0.7888141,2.520723,-0.4072395,0.9590618,2.5079749,-0.5528657,1.1145378,2.5042627,-0.5973921,1.1656321,2.5061955,0.06675045,0.6912298,2.4666815,0.14812577,0.4559225,2.4637604,0.20418315,0.23929562,2.42575,0.21504512,0.16085283,2.416079,-0.16049208,0.34806907,2.477539,-0.11724768,-0.107540555,2.4985707,-0.054369804,-0.45681933,2.5370114,-0.06631984,-0.5303915,2.5075586,-0.01563634,0.3404519,2.466954,0.11463053,-0.07841322,2.363865,0.21517585,-0.42887554,2.4008749,0.2864798,-0.49111617,2.4626677]
[2,2,2,2,2,2,1,1,2,2,2,2,2,2,2,2,2,2,2,2]
[-0.086501814,0.41978824,2.4786386,-0.07990366,0.48378828,2.5090249,-0.076669924,0.8194578,2.4955134,-0.06691893,1.0187967,2.4555101,-0.25512102,0.7895332,2.5224805,-0.4085171,0.95898557,2.5110562,-0.55328286,1.1147156,2.506598,-0.59849066,1.1657479,2.5095792,0.06657097,0.6912725,2.4666455,0.14800343,0.4567128,2.4637787,0.20442891,0.23815237,2.4261105,0.21542826,0.16087449,2.4180298,-0.16155054,0.34872502,2.478375,-0.11798556,-0.10770171,2.4987988,-0.054811608,-0.45681342,2.5373218,-0.0662778,-0.5302604,2.5072646,-0.016619023,0.34075576,2.4669554,0.11311803,-0.07740302,2.363859,0.21768269,-0.43323165,2.4072876,0.2872824,-0.49126634,2.462855]
[2,2,2,2,2,2,1,1,2,2,2,2,2,2,2,2,2,2,2,2]
[-0.08739181,0.4202182,2.4790065,-0.08068975,0.4842408,2.5094063,-0.07740947,0.82000095,2.4961188,-0.06903007,1.0197842,2.456601,-0.25522783,0.7899487,2.5246682,-0.41107303,0.95810604,2.5153656,-0.5553173,1.113648,2.5107183,-0.60160756,1.1641909,2.5150259,0.06643295,0.69137406,2.4666882,0.14789899,0.45783904,2.4641635,0.20464812,0.23733371,2.426745,0.21553367,0.16146503,2.4206686,-0.1624237,0.3492584,2.4791374,-0.11854826,-0.10794365,2.4990733,-0.055201866,-0.45679995,2.53759,-0.06626259,-0.5301513,2.5070465,-0.017352626,0.34099948,2.4669747,0.11201555,-0.07651661,2.363477,0.22013526,-0.436655,2.4115767,0.28750256,-0.49166092,2.4610794]
[2,2,2,2,2,2,1,1,2,2,2,2,2,2,2,2,2,2,2,2]
[-0.08807943,0.42055598,2.4793475,-0.08128574,0.4845979,2.5097682,-0.07797799,0.82046294,2.4966927,-0.070930615,1.0205505,2.457463,-0.2555532,0.7900101,2.5270293,-0.41786084,0.95259464,2.5232387,-0.5648004,1.1051722,2.521248,-0.6142822,1.1529719,2.5283043,0.0663272,0.69150156,2.4667838,0.14780998,0.45912907,2.4653795,0.20463698,0.23674735,2.42773,0.21525185,0.16250072,2.423553,-0.16312765,0.34963858,2.4798346,-0.11898005,-0.10837988,2.4994698,-0.05555107,-0.4568106,2.5378382,-0.06627868,-0.5300724,2.5068882,-0.017899886,0.3411861,2.4670112,0.11122088,-0.07577661,2.362722,0.22004329,-0.4375984,2.4132552,0.28685266,-0.49188265,2.4576812]
[2,2,2,2,2,2,1,1,2,2,2,2,2,2,2,2,2,2,2,2]
[-0.08861395,0.42080382,2.479665,-0.0817377,0.48486868,2.5101063,-0.07842355,0.82084066,2.4971979,-0.07295373,1.0211977,2.4582508,-0.2562153,0.7895716,2.5297198,-0.42798048,0.9362063,2.5317764,-0.5670726,1.101898,2.5180485,-0.6151633,1.150136,2.518263,0.06627182,0.69168204,2.4669676,0.14768232,0.46023598,2.4675775,0.2045255,0.23630887,2.4291537,0.21486893,0.1633944,2.4263961,-0.16374141,0.3498466,2.480511,-0.11927983,-0.10902384,2.4999866,-0.055851962,-0.45682022,2.538052,-0.06630747,-0.53000313,2.5067594,-0.01829937,0.34131312,2.4670603,0.11050411,-0.075051665,2.3612342,0.21899691,-0.4383456,2.4136832,0.21885245,-0.48605093,2.3572242]
[2,2,2,2,2,2,1,1,2,2,2,2,2,2,2,2,2,2,2,2]
[-0.08900882,0.42107967,2.4800813,-0.08207125,0.48516408,2.5105474,-0.0787704,0.82117176,2.4977043,-0.07489685,1.021861,2.4593225,-0.25736305,0.78835285,2.5328274,-0.4414331,0.90306747,2.5394974,-0.5671387,1.0671762,2.4878879,-0.6016596,1.1109225,2.4664257,0.06658117,0.6924026,2.4677575,0.14741166,0.46196726,2.4708166,0.20403998,0.23613918,2.4315646,0.21412301,0.16389108,2.42926,-0.1642529,0.34997785,2.4812298,-0.1194438,-0.10982408,2.5005767,-0.056110293,-0.456827,2.538236,-0.06633711,-0.52993894,2.5066473,-0.0185258,0.3414816,2.4672344,0.10927374,-0.07429745,2.3580422,0.21448706,-0.4384779,2.4116144,0.187414,-0.48302543,2.31745]
[2,2,2,2,2,2,1,1,2,2,2,2,2,2,2,2,2,2,2,2]
[-0.08927483,0.42135903,2.480597,-0.0822858,0.48545554,2.5110905,-0.079035416,0.8214492,2.4982681,-0.07668397,1.0224433,2.4606051,-0.25930852,0.7856983,2.5363727,-0.4530001,0.86159474,2.54116,-0.56882757,1.0097728,2.443764,-0.5875655,1.060986,2.41772,0.06708398,0.6932106,2.468856,0.14733982,0.4634812,2.4755893,0.2032277,0.23593093,2.434731,0.21301544,0.16421741,2.4322278,-0.16466036,0.34999552,2.482012,-0.11936718,-0.11117075,2.5014298,-0.056337718,-0.45683214,2.5383968,-0.06636826,-0.52988183,2.506554,-0.018569767,0.34168562,2.467558,0.107069574,-0.07372879,2.3526726,0.20783462,-0.43903056,2.409432,0.1671785,-0.4823214,2.2952952]
[2,2,2,2,2,2,2,1,2,2,2,2,2,2,2,2,2,2,2,2]
[-0.08940831,0.4216518,2.481237,-0.08239198,0.48574853,2.5117636,-0.07923755,0.82167214,2.498942,-0.078395374,1.0229679,2.462233,-0.26159427,0.7821363,2.5398068,-0.4677944,0.80910045,2.5372863,-0.5492315,0.9534711,2.398087,-0.55723363,0.999583,2.3551052,0.06804595,0.6942372,2.4705794,0.14755186,0.46361822,2.4819846,0.20214263,0.23624071,2.4387233,0.21173374,0.16426203,2.4350426,-0.16497435,0.34992355,2.4827995,-0.11918978,-0.11254367,2.5022955,-0.056547023,-0.4568314,2.5385435,-0.06639426,-0.5298357,2.5064874,-0.018326849,0.34194592,2.468149,0.102846876,-0.07245803,2.3441076,0.19895652,-0.4404753,2.4070814,0.15591095,-0.48280492,2.2852612]
[2,2,2,2,2,2,2,1,2,2,2,2,2,2,2,2,2,2,2,2]
[-0.08928955,0.4219366,2.4822004,-0.08228361,0.48604336,2.51277,-0.07934922,0.82194126,2.4999495,-0.079848036,1.023368,2.4637034,-0.26388246,0.7761924,2.543411,-0.47606018,0.7674752,2.5211782,-0.5179509,0.89345473,2.3384614,-0.5148312,0.9153212,2.303639,0.0694968,0.6955907,2.4731128,0.14772773,0.46348628,2.4881806,0.20090267,0.23595886,2.4426055,0.20935118,0.162539,2.4385202,-0.16513516,0.3496461,2.483762,-0.11876502,-0.114522435,2.503378,-0.05674463,-0.45683137,2.53869,-0.06642554,-0.52979314,2.5064356,-0.017358923,0.3423722,2.4694657,0.096606106,-0.07203727,2.3329437,0.18248428,-0.44324794,2.403713,0.14343882,-0.48527527,2.2827263]
[2,2,2,2,2,2,2,2,2,2,2,2,2,2,2,2,2,2,2,2]
[-0.08885748,0.42213887,2.4834542,-0.08186962,0.48625046,2.5141656,-0.079187416,0.8222391,2.5016716,-0.08141404,1.0237534,2.4658716,-0.2657263,0.7693714,2.5465212,-0.47609043,0.7175031,2.4974127,-0.47921664,0.8261993,2.2885232,-0.47487497,0.853059,2.2275236,0.071083374,0.6970359,2.475998,0.14796913,0.46304414,2.493511,0.19944684,0.23610173,2.4469678,0.20667972,0.16106804,2.4422407,-0.16507795,0.34909487,2.4848924,-0.11799057,-0.117091164,2.5046868,-0.05696823,-0.456848,2.538872,-0.06646776,-0.52975583,2.506395,-0.015869558,0.3428321,2.4711452,0.090565324,-0.0731749,2.3231204,0.16154607,-0.4441408,2.4084945,0.12774925,-0.48794627,2.3036065]
[2,2,2,2,2,2,2,2,2,2,2,2,2,2,2,2,2,2,2,2]
[-0.08829551,0.42213857,2.484772,-0.08132499,0.48626608,2.515681,-0.078925885,0.82245624,2.503515,-0.082809575,1.0240327,2.4681063,-0.2663577,0.76007986,2.5491955,-0.4621954,0.65912706,2.4783094,-0.44118783,0.75377065,2.259296,-0.42718005,0.77630043,2.1788223,0.07255432,0.69820887,2.4788048,0.14838056,0.46227103,2.4985936,0.19806367,0.23631361,2.4510622,0.20434803,0.16013692,2.4454646,-0.16486987,0.34824288,2.4860802,-0.11719777,-0.11942668,2.5058224,-0.05728983,-0.45691893,2.5391333,-0.066511825,-0.5297296,2.5063562,-0.0144390995,0.34315366,2.4727263,0.07927856,-0.073958784,2.309615,0.14268285,-0.44728145,2.4123178,0.11523108,-0.49233595,2.3172112]
[2,2,2,2,2,2,2,2,2,2,2,2,2,2,2,2,2,2,2,2]
[-0.08754322,0.42177716,2.486282,-0.08066499,0.48598948,2.5174496,-0.07850819,0.82278097,2.5058203,-0.083968624,1.0250012,2.4729102,-0.2656783,0.75141525,2.5503895,-0.44142142,0.6135273,2.4679866,-0.4089727,0.6543231,2.2357693,-0.3990838,0.66699535,2.1680975,0.0740223,0.69927543,2.481941,0.14867012,0.46158344,2.5037642,0.1964171,0.23786393,2.4559011,0.20241451,0.15972812,2.4481263,-0.1644889,0.34705848,2.4873135,-0.11623206,-0.12195501,2.507024,-0.05763732,-0.4570389,2.5394204,-0.066609256,-0.5297208,2.5063334,-0.013013057,0.34325376,2.4743433,0.070097245,-0.075599924,2.2999735,0.12176597,-0.4501963,2.4175787,0.1017601,-0.49585563,2.3294747]
[2,2,2,2,2,2,2,2,2,2,2,2,2,2,2,2,2,2,2,2]
[-0.08683115,0.42112857,2.4877067,-0.080072716,0.48545456,2.5192554,-0.0780192,0.8232285,2.5085473,-0.085097,1.0262167,2.4783993,-0.26439467,0.7445447,2.5506277,-0.4048915,0.5643543,2.4846117,-0.40046746,0.57341367,2.26535,-0.32747394,0.579391,2.1531606,0.07533274,0.70017064,2.4852674,0.1489467,0.4609983,2.5080545,0.19502087,0.23976462,2.4607143,0.20050159,0.15978412,2.4511554,-0.1640857,0.34570274,2.4883554,-0.11532766,-0.1244338,2.5081666,-0.05804002,-0.45733848,2.539795,-0.0669721,-0.5299448,2.5065413,-0.011874765,0.34320244,2.475722,0.060311314,-0.081286006,2.291742,0.110201426,-0.45208555,2.4201038,0.094167136,-0.49802285,2.3355582]
[2,2,2,2,2,2,2,2,2,2,2,2,2,2,2,2,2,2,2,2]
[-0.08615704,0.42036423,2.4889524,-0.079696245,0.48477325,2.5209816,-0.07774081,0.8234933,2.510984,-0.08572231,1.0274587,2.4844873,-0.26135987,0.73581105,2.5469995,-0.36775932,0.5513802,2.4404485,-0.303135,0.48821938,2.22883,-0.25239772,0.4749457,2.150416,0.07715262,0.7011626,2.4896705,0.14954282,0.45975134,2.512293,0.19401214,0.24106023,2.4643857,0.20280793,0.17081961,2.4962533,-0.16364872,0.3443022,2.4891312,-0.11460531,-0.12658176,2.509154,-0.058745783,-0.4578062,2.540405,-0.067338645,-0.53019136,2.5067506,-0.010827751,0.34300652,2.4769897,0.052499257,-0.08457985,2.2860177,0.100867935,-0.45327243,2.4205287,0.07365876,-0.5186195,2.3939579]
[2,2,2,2,2,2,2,2,2,2,2,2,2,2,2,2,2,2,2,2]
[-0.085428305,0.41938826,2.4900486,-0.07952655,0.48391774,2.5226545,-0.07767309,0.8237202,2.5133076,-0.0858166,1.0283326,2.4889662,-0.25643384,0.7234517,2.5373452,-0.3447598,0.5261132,2.4207747,-0.2575773,0.4343163,2.2323172,-0.20683247,0.4289764,2.2017841,0.079060294,0.7024281,2.4952106,0.15010637,0.45879355,2.5158997,0.19193713,0.24546319,2.4691007,0.20053644,0.17324993,2.4989862,-0.16296457,0.3426236,2.4895022,-0.114135385,-0.12853919,2.5099895,-0.059804965,-0.4585321,2.5413175,-0.067645125,-0.530433,2.5068872,-0.009772098,0.34264588,2.478238,0.045690436,-0.08611408,2.2820244,0.086721584,-0.45155317,2.412753,0.069925144,-0.50523114,2.352694]
[2,2,2,2,2,2,2,2,2,2,2,2,2,2,2,2,2,2,2,2]
[-0.08476273,0.41842115,2.4909635,-0.07953185,0.4829815,2.5242772,-0.07804076,0.82385504,2.5157528,-0.085697666,1.0288186,2.492178,-0.2529638,0.7137435,2.528639,-0.3313337,0.49937782,2.3932788,-0.19443274,0.39436623,2.2534316,-0.1416395,0.36078125,2.2291458,0.08069287,0.70365244,2.5006542,0.15063934,0.45803443,2.5191047,0.19055724,0.24866225,2.4725056,0.19809242,0.17486025,2.4957254,-0.16215731,0.3409866,2.4896266,-0.11398568,-0.13049224,2.510807,-0.06084451,-0.45921436,2.5421076,-0.06800091,-0.53072244,2.50704,-0.008865831,0.34225214,2.4793375,0.039580584,-0.087713905,2.2792046,0.07809246,-0.45087367,2.406894,0.06606389,-0.50156206,2.3353956]
[2,2,2,2,2,2,2,2,2,2,2,2,2,2,2,2,2,2,2,2]
[-0.08390422,0.41669083,2.4918253,-0.07971714,0.48128146,2.526095,-0.079106204,0.82341754,2.5183504,-0.08560896,1.0288208,2.495761,-0.25095594,0.7054545,2.5206983,-0.32367158,0.48854023,2.384672,-0.14019239,0.34556094,2.276504,-0.0919418,0.30907738,2.262666,0.08162339,0.7044849,2.5052881,0.15123817,0.45761457,2.522064,0.19130372,0.2540039,2.4788427,0.19713274,0.17759651,2.4921672,-0.16073704,0.33827588,2.489184,-0.114265025,-0.13225329,2.5115626,-0.061924297,-0.45983204,2.5428739,-0.068447,-0.53111356,2.507363,-0.007887998,0.3415143,2.4804678,0.0338725,-0.08894637,2.2778301,0.07279976,-0.45051405,2.40225,0.06706848,-0.49812075,2.3203325]
[2,2,2,2,2,2,2,2,2,2,2,2,2,2,2,2,2,2,2,2]
[-0.08311371,0.4148333,2.4924214,-0.08005101,0.47943214,2.5276868,-0.080410816,0.82275975,2.5203621,-0.08647268,1.0286045,2.4992087,-0.24988449,0.6992126,2.5142307,-0.30070883,0.48600644,2.4076726,-0.122657776,0.3311838,2.2918591,-0.06966554,0.2810443,2.2753036,0.08202738,0.70514363,2.5089264,0.15180464,0.457587,2.5256906,0.19147454,0.25791472,2.482704,0.19661714,0.17997763,2.4882157,-0.15931857,0.3356392,2.48841,-0.11496274,-0.13383435,2.5122728,-0.06314759,-0.46014383,2.5436642,-0.06960947,-0.53185576,2.5090575,-0.0070322873,0.34070498,2.4814258,0.028596967,-0.09001618,2.2776475,0.06960027,-0.45031372,2.3980546,0.06857595,-0.4963088,2.310856]
[2,2,2,2,2,2,2,2,2,2,2,2,2,2,2,2,2,2,2,2]
