Enregistrement d'un squelette Kinect
[-0.0657364,0.398624,2.3236265,-0.0688639,0.4686136,2.3755176,-0.074352965,0.8628191,2.380375,-0.052558336,1.0328444,2.3937495,-0.1757778,0.73012906,2.3127875,-0.22836491,0.80842894,2.1199906,-0.20966503,0.8523199,1.9457091,-0.22331274,0.8749781,1.8912396,0.03655642,0.7343742,2.320118,0.07462519,0.8097248,2.1362686,0.0953602,0.8819032,1.9498035,0.10331609,0.9046974,1.8958392,-0.11980469,0.34984964,2.3119435,-0.12832707,-0.10682578,2.39527,-0.12783967,-0.47077897,2.4207535,-0.14846855,-0.5335311,2.4120126,-0.010398407,0.35199583,2.3221772,0.018486258,-0.11576941,2.4020543,0.03502211,-0.48391244,2.4106789,0.062497333,-0.5453451,2.4024415]
[2,2,2,1,2,2,1,1,2,2,1,1,2,2,2,2,2,2,2,2]
[-0.06561811,0.39872634,2.3237782,-0.06870471,0.46863648,2.375804,-0.07439337,0.8622761,2.3820353,-0.052747153,1.0330206,2.3963082,-0.17560485,0.7294676,2.3141987,-0.22831994,0.80804265,2.1199868,-0.24938233,0.86591804,1.943249,-0.26641175,0.8896626,1.8892374,0.036663733,0.73451525,2.3212976,0.07532789,0.8093096,2.1392584,0.11530434,0.8908759,1.9491379,0.13165624,0.9171299,1.8953127,-0.11968269,0.3499175,2.3120556,-0.12828995,-0.106692605,2.3955986,-0.12761894,-0.47087952,2.421102,-0.14923061,-0.53382075,2.4129453,-0.010235065,0.35212466,2.3222387,0.018543597,-0.115501456,2.4022663,0.034612544,-0.48374557,2.4109783,0.061950743,-0.54423845,2.400455]
[2,2,2,1,2,2,1,1,2,2,1,1,2,2,2,2,2,2,2,2]
[-0.06547048,0.39878067,2.3239958,-0.06847175,0.46856213,2.376227,-0.07334812,0.86087626,2.3846226,-0.053906526,1.0326425,2.398106,-0.17531984,0.72882885,2.3155234,-0.22824888,0.8077556,2.1199212,-0.26732102,0.87238,1.9422358,-0.29309005,0.899348,1.8877879,0.03685224,0.7346938,2.3226848,0.075841054,0.8088547,2.1419032,0.12573144,0.8954449,1.9488153,0.14508447,0.9228617,1.8950813,-0.1195528,0.34995708,2.312209,-0.12828203,-0.10659101,2.3958337,-0.12744941,-0.47095573,2.421361,-0.15001449,-0.53390515,2.4132674,-0.010065362,0.35221356,2.322333,0.018634917,-0.11527185,2.4023714,0.034234155,-0.48354766,2.4111898,0.061544795,-0.54297614,2.3982663]
[2,2,2,1,2,2,1,1,2,2,1,1,2,2,2,2,2,2,2,2]
[-0.06532603,0.3985839,2.324415,-0.0682433,0.4681625,2.376926,-0.0724891,0.8593616,2.387015,-0.05506879,1.0319976,2.3992264,-0.17500016,0.7279777,2.3169713,-0.2281437,0.807531,2.1197891,-0.27681044,0.87598544,1.9418937,-0.30620944,0.9042089,1.8872198,0.036987726,0.73449033,2.3242192,0.07757657,0.8083814,2.1457365,0.08025336,0.8709671,1.9675736,0.08067562,0.8909898,1.9137408,-0.11946119,0.34978116,2.3126516,-0.12828884,-0.10651487,2.3960009,-0.12731229,-0.4710177,2.421557,-0.15083657,-0.5337887,2.4130433,-0.009885256,0.35213324,2.3224843,0.018740986,-0.115096614,2.4024034,0.033895113,-0.48335728,2.4113321,0.061158344,-0.5419847,2.396468]
[2,2,2,1,2,2,1,1,2,2,1,1,2,2,2,2,2,2,2,2]
[-0.06516846,0.39817467,2.325046,-0.06796623,0.4675388,2.3778572,-0.07146019,0.8578816,2.3892152,-0.05656531,1.0310922,2.3997808,-0.17458938,0.7273885,2.318501,-0.22864725,0.80648583,2.1211112,-0.2856568,0.878266,1.9424833,-0.3167893,0.9071849,1.887517,0.037169147,0.73407745,2.3258462,0.078296795,0.8079515,2.1482158,0.06255871,0.8618876,1.9747925,0.050047744,0.8766716,1.9220216,-0.119396485,0.3494277,2.3134286,-0.12831669,-0.106457524,2.3961139,-0.12720008,-0.47106692,2.4217021,-0.15149938,-0.5336711,2.412874,-0.009693542,0.35188517,2.3227224,0.018854655,-0.114963606,2.4023833,0.033606645,-0.48318505,2.4114256,0.060616106,-0.5414648,2.3953533]
[2,2,2,1,2,2,1,1,2,2,1,1,2,2,2,2,2,2,2,2]
[-0.064972505,0.39772913,2.3258123,-0.06762063,0.46685612,2.3789194,-0.070027284,0.8559682,2.3914037,-0.05852001,1.0296819,2.3999877,-0.1741232,0.7270312,2.3200903,-0.2288264,0.805647,2.1220534,-0.29084173,0.8796082,1.9426438,-0.3235353,0.9089167,1.8876592,0.03733087,0.7334153,2.3274999,0.07875077,0.80773354,2.149715,0.052221052,0.8568603,1.9785104,0.034948334,0.8699098,1.9256655,-0.11923786,0.34907538,2.3143458,-0.1283516,-0.10641822,2.3961928,-0.1271112,-0.4711048,2.4218092,-0.15216805,-0.5334448,2.4124925,-0.009525442,0.3515991,2.3230824,0.01897333,-0.11486289,2.4023266,0.033344768,-0.48302066,2.4114795,0.05990578,-0.5412426,2.3947518]
[2,2,2,1,2,2,1,1,2,2,1,1,2,2,2,2,2,2,2,2]
[-0.06474137,0.39716166,2.326781,-0.06720995,0.46607736,2.380152,-0.068675876,0.85433996,2.3932505,-0.059838224,1.0285937,2.400417,-0.17346068,0.7269285,2.3219607,-0.22925161,0.8050735,2.1243834,-0.29490674,0.88079184,1.9435252,-0.32808426,0.9101588,1.8888394,0.03763742,0.73291266,2.3292284,0.079069436,0.80758524,2.1507728,0.045713387,0.85374975,1.9807544,0.026188774,0.8660034,1.9278016,-0.119049594,0.34861606,2.31559,-0.1283911,-0.106390856,2.396245,-0.1270391,-0.4711345,2.4218874,-0.15279911,-0.53304833,2.4115396,-0.009349209,0.35120738,2.3235538,0.019095998,-0.11479456,2.402252,0.03305115,-0.48285592,2.4115038,0.042317007,-0.5275716,2.3605325]
[2,2,2,1,2,2,1,1,2,2,1,1,2,2,2,2,2,2,2,2]
[-0.06458016,0.3964978,2.3278737,-0.06687901,0.46527892,2.3814209,-0.067625195,0.85309553,2.3946803,-0.060563143,1.0276453,2.4022498,-0.1729096,0.7268,2.3236372,-0.22905976,0.80326796,2.131535,-0.21568874,0.8606625,1.9662513,-0.21336408,0.8812407,1.9139899,0.037897646,0.73236084,2.3308177,0.07929967,0.8074854,2.1515255,0.04142517,0.8517193,1.98222,0.020507533,0.86344707,1.9292779,-0.11897811,0.34803855,2.3171034,-0.12843218,-0.10637272,2.3962796,-0.12697996,-0.47115737,2.4219415,-0.1532037,-0.5326988,2.4105306,-0.009221718,0.35072362,2.3240993,0.019216102,-0.11474328,2.4021645,0.032646112,-0.48260382,2.411494,0.033510443,-0.5207095,2.34437]
[2,2,2,1,2,2,1,1,2,2,1,1,2,2,2,2,2,2,2,2]
[-0.064445324,0.39584792,2.3289812,-0.066577666,0.4645612,2.382629,-0.066840485,0.8522196,2.395774,-0.060433578,1.0267564,2.405545,-0.17246726,0.7266721,2.3252263,-0.23006473,0.8003256,2.1434383,-0.24311723,0.86732167,1.9711868,-0.2551334,0.8904026,1.9198179,0.03815204,0.73183066,2.332189,0.07946924,0.80741787,2.152059,0.03844297,0.8503236,1.9832095,0.016501883,0.8617008,1.9301996,-0.118944526,0.34747702,2.3186119,-0.12847106,-0.106360525,2.3963041,-0.12692899,-0.4711751,2.421981,-0.15344498,-0.5324104,2.4096377,-0.009105032,0.35018232,2.3247163,0.019341992,-0.114718825,2.402075,0.03227436,-0.48236895,2.4114707,0.0294045,-0.5175475,2.3369017]
[2,2,2,1,2,2,1,1,2,2,1,1,2,2,2,2,2,2,2,2]
[-0.06426689,0.39533967,2.3300653,-0.06623538,0.46403423,2.3838296,-0.06597261,0.8521161,2.3971746,-0.060649972,1.0265131,2.4069502,-0.17187771,0.7266723,2.3268793,-0.23074013,0.7985758,2.150428,-0.23746443,0.86027724,1.9759094,-0.24269144,0.8771921,1.9242369,0.038413033,0.73126584,2.3335319,0.07959426,0.80736995,2.1524508,0.08575636,0.8754394,1.9714097,0.08626035,0.8966098,1.9175138,-0.11877103,0.34710863,2.3199346,-0.12850437,-0.106356345,2.3963263,-0.12687804,-0.4711926,2.42201,-0.15366212,-0.53209925,2.4087224,-0.008997977,0.34975857,2.3254833,0.01946882,-0.11470089,2.4019797,0.03201318,-0.4822289,2.4114726,0.02697702,-0.5156694,2.3323677]
[2,2,2,1,2,2,1,1,2,2,1,1,2,2,2,2,2,2,2,2]
[-0.064048395,0.39488754,2.3311388,-0.0658981,0.46361086,2.3849618,-0.065258004,0.8521931,2.3983397,-0.06084476,1.0263506,2.4079063,-0.17137633,0.7266571,2.3283908,-0.2327034,0.79642123,2.1569514,-0.27750245,0.86526644,1.9777025,-0.30041224,0.8853289,1.9265397,0.03872549,0.7309437,2.334934,0.07969023,0.8073399,2.1527367,0.10587102,0.8853653,1.9661236,0.1207561,0.91257346,1.910665,-0.11854948,0.34678516,2.3212075,-0.12853368,-0.10635741,2.396347,-0.1268323,-0.4712082,2.4220283,-0.15383413,-0.5318244,2.4079165,-0.008853069,0.3493509,2.326289,0.019612376,-0.11468398,2.4018812,0.031801462,-0.48211634,2.4114742,0.025349941,-0.51444477,2.3293493]
[2,2,2,1,2,2,1,1,2,2,1,1,2,2,2,2,2,2,2,2]
[-0.06381417,0.39463902,2.332232,-0.06557662,0.46340394,2.3860996,-0.064758874,0.8525387,2.3994715,-0.06099825,1.0262202,2.4084663,-0.1709424,0.72677624,2.3299341,-0.23370849,0.795179,2.1610951,-0.2961649,0.86797935,1.9781742,-0.32261503,0.88888454,1.9270781,0.039055344,0.730727,2.336323,0.07976315,0.8073279,2.1529253,0.11651425,0.8904203,1.9632957,0.13615413,0.9194706,1.9075725,-0.118295655,0.34662876,2.322338,-0.1285536,-0.10636325,2.3963737,-0.12677693,-0.47122794,2.4220462,-0.15395617,-0.5315797,2.4072502,-0.008694985,0.34909767,2.3272622,0.01975917,-0.114674054,2.4017837,0.031639595,-0.4820252,2.4114766,0.039609037,-0.52985346,2.3643274]
[2,2,2,1,2,2,1,1,2,2,1,1,2,2,2,2,2,2,2,2]
[-0.063594826,0.39444637,2.3332841,-0.06529161,0.46326858,2.3871799,-0.064411834,0.85299194,2.4005182,-0.061019663,1.0261759,2.4089215,-0.17069349,0.72680783,2.331288,-0.23407951,0.7944511,2.1636796,-0.3048759,0.8698094,1.9782269,-0.33245158,0.8910719,1.9271849,0.0394346,0.7304556,2.337591,0.07982334,0.8073313,2.1530395,0.12291235,0.8935525,1.9616868,0.14511998,0.9236608,1.9058897,-0.11809909,0.34648162,2.323551,-0.12856945,-0.106375575,2.3964047,-0.12671156,-0.47124717,2.4220626,-0.15408364,-0.53140646,2.4068956,-0.008505156,0.34885573,2.3281713,0.01991872,-0.11466673,2.4016943,0.031529874,-0.48195514,2.411479,0.047871254,-0.53860366,2.3842149]
[2,2,2,1,2,2,1,1,2,2,1,1,2,2,2,2,2,2,2,2]
[-0.06303417,0.39431858,2.3353279,-0.06469739,0.4632197,2.389104,-0.06401974,0.85308725,2.40154,-0.060165074,1.0259641,2.4102542,-0.17024963,0.7267844,2.3337345,-0.23166235,0.79496026,2.1635442,-0.30840293,0.87327534,1.9752915,-0.333179,0.8964443,1.9223437,0.040068846,0.729821,2.3397791,0.07994908,0.80736333,2.152954,0.13034727,0.8971199,1.9598869,0.15497905,0.92792106,1.9041231,-0.11753037,0.3464408,2.3257697,-0.12858242,-0.10643387,2.3965232,-0.12659623,-0.4712858,2.4221137,-0.1541854,-0.5311128,2.4062433,-0.007968447,0.3486146,2.3301501,0.020362323,-0.11460814,2.4015605,0.03135881,-0.48180044,2.4114695,0.051988132,-0.5446477,2.3973408]
[2,2,2,1,2,2,1,1,2,2,1,1,2,2,2,2,2,2,2,2]
[-0.06262428,0.3944188,2.3364089,-0.064351186,0.46332356,2.3900445,-0.06389794,0.85312194,2.4018927,-0.059980087,1.0258993,2.410606,-0.17006291,0.7267969,2.3347607,-0.21905117,0.8031896,2.131117,-0.28358585,0.8735053,1.9586804,-0.2965708,0.8944835,1.9065844,0.040483873,0.72954094,2.3408172,0.08011645,0.8073976,2.1525917,0.13225201,0.89768285,1.9594439,0.15580316,0.92745405,1.9039795,-0.1170951,0.34653676,2.3268244,-0.12858003,-0.1064917,2.3966248,-0.12654907,-0.47131056,2.422143,-0.1540417,-0.5311956,2.4064538,-0.0075575025,0.34862974,2.3312862,0.020612938,-0.1145858,2.4015157,0.03129034,-0.4817297,2.4114623,0.053255767,-0.5460901,2.400611]
[2,2,2,1,2,2,1,1,2,2,1,1,2,2,2,2,2,2,2,2]
[-0.06215609,0.39469633,2.3374765,-0.06397034,0.46352735,2.3909335,-0.06376482,0.8531127,2.402176,-0.059883866,1.02583,2.4108737,-0.16991344,0.7268935,2.3356802,-0.2163375,0.80228084,2.1315517,-0.2803599,0.8736805,1.9558321,-0.29173696,0.89456415,1.9036146,0.041034605,0.72927445,2.3418045,0.0806467,0.80715126,2.152866,0.13394386,0.8978047,1.9593934,0.15680669,0.9266344,1.9043729,-0.116677314,0.34672537,2.3277736,-0.1285723,-0.10655288,2.3967361,-0.12649924,-0.47134304,2.4221811,-0.15399708,-0.5312015,2.4064739,-0.0070762467,0.34875846,2.3323822,0.020941142,-0.11452909,2.4014933,0.031226704,-0.48166472,2.4114573,0.054385867,-0.54666334,2.402312]
[2,2,2,1,2,2,1,1,2,2,1,1,2,2,2,2,2,2,2,2]
[-0.061578117,0.3949595,2.3385305,-0.06343841,0.46371683,2.3918312,-0.06340154,0.85293376,2.4024365,-0.059931222,1.0256908,2.4112206,-0.16977431,0.7270354,2.3365405,-0.21208817,0.8061555,2.1119487,-0.22962862,0.77423954,2.2165823,-0.23635252,0.7714991,2.2347145,0.041651897,0.7290378,2.3426778,0.08134123,0.8069558,2.153106,0.1351314,0.89761364,1.9595718,0.15702657,0.9254683,1.9050344,-0.11613098,0.3468912,2.3288894,-0.12855655,-0.106612794,2.3968585,-0.12645024,-0.47141355,2.4222379,-0.1539649,-0.53123075,2.4064825,-0.006469522,0.3488347,2.3333728,0.021343295,-0.114439555,2.4014978,0.031151162,-0.48159313,2.4114568,0.055185862,-0.5465494,2.4027584]
[2,2,2,1,2,2,2,1,2,2,1,1,2,2,2,2,2,2,2,2]
[-0.060874946,0.39511862,2.339531,-0.06271677,0.4637975,2.3927064,-0.062537864,0.8522611,2.402587,-0.060234632,1.0253052,2.411752,-0.16955084,0.72703713,2.337338,-0.21843648,0.7980439,2.1374981,-0.27730346,0.840832,2.0400352,-0.29969442,0.8635398,1.98782,0.04227818,0.7288231,2.343447,0.081957206,0.806867,2.1529884,0.13557369,0.89693534,1.9598855,0.15589578,0.9235959,1.9057915,-0.11548971,0.34697774,2.3300176,-0.12853709,-0.10667179,2.3969831,-0.12640366,-0.47148633,2.4222941,-0.15378208,-0.5313782,2.4066179,-0.005697216,0.3488068,2.3342862,0.021853944,-0.114306204,2.4015365,0.031077709,-0.48152527,2.411468,0.055860873,-0.54575646,2.4020693]
[2,2,2,1,2,2,1,1,2,2,1,1,2,2,2,2,2,2,2,2]
[-0.06009929,0.3952412,2.34048,-0.06188433,0.46384892,2.3935592,-0.061648674,0.85158926,2.4027214,-0.060506586,1.0249393,2.4121573,-0.16935565,0.7270043,2.3380878,-0.21573009,0.79840094,2.135271,-0.23762792,0.7715695,2.2141223,-0.23632084,0.74415576,2.2923086,0.042976785,0.72858715,2.3441234,0.0826891,0.80683833,2.1529052,0.13581425,0.8963375,1.9603276,0.15479696,0.922166,1.9066373,-0.11484856,0.34700716,2.3310847,-0.12847304,-0.107040614,2.3972867,-0.12636605,-0.47156143,2.4223466,-0.1536583,-0.53147703,2.4066522,-0.004690524,0.34870878,2.3351676,0.022399638,-0.11414738,2.4016109,0.031005874,-0.48146057,2.411482,0.056267373,-0.5448253,2.4009893]
[2,2,2,1,2,2,1,2,2,2,1,1,2,2,2,2,2,2,2,2]
[-0.05936926,0.39533406,2.3413153,-0.06107271,0.46386588,2.3943188,-0.060441878,0.8505564,2.402774,-0.060964435,1.0243638,2.4125884,-0.16912192,0.7271204,2.3388124,-0.21341874,0.79906195,2.1323361,-0.21956253,0.73797584,2.2947388,-0.2242388,0.71663123,2.3571746,0.04374552,0.7283669,2.344738,0.08349756,0.80686426,2.1525092,0.13561413,0.89544827,1.9607792,0.1531613,0.92048705,1.907352,-0.11425025,0.3470216,2.3320396,-0.12838268,-0.10741034,2.3976178,-0.12633124,-0.47163752,2.4224,-0.1534272,-0.5316519,2.4067311,-0.003763455,0.34858707,2.3359237,0.022979602,-0.11397642,2.401721,0.030934885,-0.4814,2.4114988,0.05659744,-0.5437912,2.399669]
[2,2,2,1,2,2,1,2,2,2,1,1,2,2,2,2,2,2,2,2]
[-0.058641568,0.39544713,2.3420446,-0.060193412,0.46389413,2.395013,-0.058665548,0.8493764,2.4029336,-0.06173858,1.0236021,2.412948,-0.16876352,0.7272807,2.3394704,-0.21100937,0.80015373,2.128606,-0.21333347,0.726413,2.3222616,-0.21851127,0.712553,2.36068,0.044399936,0.72817904,2.345195,0.08421627,0.80690145,2.1520967,0.13524823,0.89457476,1.9612013,0.15158081,0.91903937,1.9079397,-0.11360454,0.34711707,2.3328419,-0.12828323,-0.10772654,2.3979292,-0.12630118,-0.47169518,2.4224358,-0.15324374,-0.5317647,2.406741,-0.0029232784,0.3485345,2.3365862,0.023569774,-0.113792375,2.4018652,0.030873634,-0.481351,2.4115145,0.056783516,-0.54286623,2.3983834]
[2,2,2,1,2,2,1,2,2,2,1,1,2,2,2,2,2,2,2,2]
[-0.057807934,0.39575016,2.3427653,-0.05931007,0.4640318,2.395653,-0.056995936,0.8482772,2.403082,-0.06250922,1.0228156,2.4132357,-0.16841286,0.7274406,2.3400378,-0.20892496,0.80110383,2.1249435,-0.20845446,0.7193062,2.3368058,-0.2140543,0.7098964,2.357729,0.046369,0.7296071,2.3463717,0.08490697,0.8069425,2.1515634,0.13374667,0.8919816,1.9609268,0.14815016,0.9150225,1.9072297,-0.112891,0.34733596,2.3335352,-0.12816952,-0.10800009,2.398211,-0.12627295,-0.47174463,2.422467,-0.15293692,-0.5319083,2.4067237,-0.002091657,0.34862483,2.337244,0.024126716,-0.113618195,2.402027,0.030813826,-0.48130402,2.4115305,0.056789014,-0.54214084,2.3973386]
[2,2,2,1,2,2,1,2,2,2,1,1,2,2,2,2,2,2,2,2]
[-0.057089843,0.39602974,2.3433554,-0.05853456,0.46415502,2.3961794,-0.0549309,0.84670776,2.4031708,-0.06428678,1.0207111,2.4138525,-0.16810021,0.72759026,2.340525,-0.20741609,0.8018316,2.122207,-0.20580731,0.71891046,2.3334734,-0.20643482,0.69477236,2.3941734,0.04828086,0.73120266,2.3474703,0.08553484,0.8069915,2.151006,0.1321397,0.8893166,1.9605025,0.14498061,0.9112174,1.9063348,-0.11229054,0.34753665,2.3340988,-0.12804423,-0.108224206,2.3984807,-0.12624714,-0.47178894,2.4224892,-0.15263344,-0.53205115,2.4067087,-0.0013831186,0.348715,2.3377743,0.024654148,-0.11346444,2.4021955,0.030759491,-0.48126045,2.4115481,0.056680273,-0.54164994,2.3966138]
[2,2,2,2,2,2,1,1,2,2,1,1,2,2,2,2,2,2,2,2]
[-0.05648447,0.39621755,2.3438203,-0.057811875,0.46421793,2.3966134,-0.05329175,0.8454513,2.4032335,-0.065763436,1.01895,2.4143298,-0.16781583,0.7277124,2.340947,-0.20632686,0.80239516,2.120176,-0.21065193,0.7265893,2.3192255,-0.21458559,0.7054435,2.377521,0.049356803,0.7319534,2.3479855,0.08607584,0.8070171,2.1504772,0.13104945,0.8875182,1.9602318,0.14299314,0.9089048,1.9058094,-0.11178336,0.3476928,2.334554,-0.12791672,-0.10840991,2.3987277,-0.12622441,-0.47183165,2.4225044,-0.15240483,-0.53212947,2.4065764,-7.9510483E-4,0.34875122,2.3381789,0.025154639,-0.11333332,2.4023936,0.030676333,-0.481211,2.4115815,0.056648355,-0.5411199,2.39593]
[2,2,2,2,2,2,1,1,2,2,1,1,2,2,2,2,2,2,2,2]
[-0.055910673,0.3963121,2.3441997,-0.0570673,0.46420163,2.3969853,-0.051922403,0.84445244,2.4032996,-0.06697128,1.0174792,2.4144642,-0.16752651,0.72783554,2.3413267,-0.20542617,0.80290496,2.1184356,-0.21528634,0.7342204,2.3042161,-0.22154623,0.71551883,2.3595912,0.050065022,0.73239046,2.3482811,0.08662574,0.8070132,2.1496627,0.13011757,0.8859578,1.9599433,0.1414668,0.90707546,1.9053335,-0.11129805,0.34780046,2.3349507,-0.12776746,-0.1085783,2.3989615,-0.12620424,-0.4718669,2.4225159,-0.15216108,-0.53219175,2.4064233,-2.6517967E-4,0.34873354,2.3384833,0.025622446,-0.11323974,2.4025977,0.030582272,-0.48115876,2.4116247,0.056712534,-0.54045975,2.3951385]
[2,2,2,2,2,2,1,1,2,2,1,1,2,2,2,2,2,2,2,2]
[-0.055410143,0.3963794,2.344502,-0.056444805,0.46417537,2.397279,-0.050886653,0.8437029,2.4033577,-0.06789065,1.0163467,2.414522,-0.16718571,0.7277882,2.341723,-0.20494536,0.8031326,2.1176863,-0.21900345,0.73883504,2.2960465,-0.22656147,0.7212648,2.3502855,0.05101709,0.7328858,2.34868,0.087130465,0.8069965,2.1487758,0.12886147,0.88419354,1.9595848,0.13962859,0.9050826,1.9047389,-0.11088768,0.34788147,2.3352702,-0.12759787,-0.10873315,2.3991911,-0.12618606,-0.4718986,2.4225256,-0.15195562,-0.5322203,2.406246,2.620944E-4,0.3486857,2.3387134,0.02604852,-0.113159575,2.4027987,0.030476093,-0.4811047,2.4116752,0.05675332,-0.53988117,2.394479]
[2,2,2,2,2,2,1,1,2,2,1,1,2,2,2,2,2,2,2,2]
[-0.0549418,0.3964515,2.3447425,-0.05586012,0.46416757,2.3975148,-0.050131522,0.84320736,2.4034133,-0.068563156,1.0155559,2.41449,-0.16685256,0.7277086,2.3420753,-0.21301514,0.795174,2.1476853,-0.2245806,0.7396394,2.298692,-0.23292078,0.7225636,2.352612,0.05172825,0.7331795,2.348921,0.08755989,0.8069793,2.1479423,0.12786128,0.88287145,1.9593066,0.13825962,0.9036901,1.904303,-0.1104884,0.34797263,2.3355188,-0.12739246,-0.1088856,2.3994248,-0.12616481,-0.4719294,2.4225373,-0.15178724,-0.5323258,2.4065301,7.545713E-4,0.34866682,2.338895,0.026424993,-0.11308919,2.4029832,0.030375782,-0.48105243,2.4117265,0.05678685,-0.53939,2.3939438]
[2,2,2,2,2,2,1,1,2,2,1,1,2,2,2,2,2,2,2,2]
[-0.054514825,0.3965235,2.3449306,-0.055308875,0.46417433,2.3977022,-0.049503937,0.842868,2.403471,-0.06897529,1.0150682,2.4144762,-0.16652666,0.72763944,2.3423848,-0.21626168,0.7919231,2.160339,-0.2733301,0.84018886,2.041655,-0.29399747,0.8628038,1.988594,0.052251752,0.7332897,2.3490515,0.087916784,0.8069626,2.14715,0.12709911,0.88195336,1.9591353,0.13727942,0.90279144,1.9040356,-0.110118106,0.34806895,2.3357134,-0.12716705,-0.10901432,2.3996513,-0.12613866,-0.47196585,2.4225492,-0.15174927,-0.5323599,2.4067116,0.0011962745,0.34866893,2.3390326,0.02678506,-0.11302271,2.4031563,0.030292518,-0.48100817,2.411772,0.05679976,-0.53900623,2.3935232]
[2,2,2,1,2,2,1,1,2,2,1,1,2,2,2,2,2,2,2,2]
[-0.054109562,0.3965448,2.3450859,-0.054764673,0.46413395,2.3978589,-0.048868276,0.84258616,2.4035206,-0.069304466,1.0146197,2.4143891,-0.16550763,0.727304,2.3426516,-0.21779485,0.7902216,2.1671903,-0.29272372,0.8754566,1.9585354,-0.3140672,0.9001411,1.9015865,0.05268023,0.7332345,2.3490558,0.08822584,0.8069556,2.1463978,0.12656014,0.8813424,1.9590238,0.13660553,0.9022155,1.9038638,-0.109676294,0.34814298,2.3358889,-0.12694192,-0.10912734,2.3998644,-0.1261103,-0.47199714,2.4225595,-0.15166725,-0.5324139,2.4070086,0.0015501117,0.34866342,2.339142,0.027124397,-0.11297145,2.4033208,0.030215532,-0.48096755,2.411816,0.056799598,-0.5387011,2.3931997]
[2,2,2,2,2,2,1,1,2,2,1,1,2,2,2,2,2,2,2,2]
[-0.053744435,0.39652002,2.3452091,-0.054261986,0.46405378,2.39798,-0.04832062,0.8423545,2.4035385,-0.06953947,1.0142534,2.4142916,-0.16460599,0.7270038,2.3428802,-0.21872634,0.7892062,2.1713789,-0.30290136,0.895624,1.9096353,-0.3242133,0.92291415,1.8460996,0.05304302,0.7329141,2.348943,0.08848072,0.8069495,2.1457307,0.12615412,0.88092613,1.9589728,0.13609132,0.90184844,1.9037713,-0.10928332,0.34817725,2.3360484,-0.1267007,-0.109228805,2.4000676,-0.12607922,-0.4720233,2.4225686,-0.15162033,-0.53242326,2.407114,0.0018616503,0.34861377,2.339213,0.027430933,-0.11293325,2.4034739,0.03014445,-0.48093137,2.411857,0.056760747,-0.53848004,2.3929596]
[2,2,2,2,2,2,1,1,2,2,1,1,2,2,2,2,2,2,2,2]
[-0.05340887,0.3965245,2.3453014,-0.053804778,0.4640097,2.398071,-0.047855504,0.84219414,2.4035587,-0.06965455,1.0139318,2.414052,-0.16379815,0.7270604,2.34309,-0.21939139,0.78849787,2.1742053,-0.3053201,0.89930373,1.897779,-0.3245197,0.9207307,1.8442607,0.05334498,0.7325229,2.3487728,0.08869192,0.8069056,2.1450224,0.12579365,0.8805778,1.9589224,0.13567562,0.9015663,1.9036903,-0.108920366,0.3482346,2.3361728,-0.12645763,-0.10932043,2.4002569,-0.12604703,-0.47205004,2.4225752,-0.15163869,-0.5323933,2.4072213,0.00213896,0.3486058,2.3392596,0.027734296,-0.112886965,2.4036214,0.030082297,-0.48089924,2.4118905,0.056703746,-0.53831035,2.392773]
[2,2,2,2,2,2,1,1,2,2,1,1,2,2,2,2,2,2,2,2]
[-0.053113896,0.39651278,2.3453655,-0.053399317,0.4639575,2.3981335,-0.04747204,0.84207815,2.4035728,-0.06971298,1.013672,2.4138012,-0.16307521,0.7271891,2.3432577,-0.21983054,0.7880592,2.1761277,-0.3053976,0.89805144,1.8971089,-0.32464603,0.91900945,1.8434229,0.05360419,0.73207307,2.3485403,0.08886507,0.8068646,2.1444023,0.12550355,0.880325,1.9588836,0.13534302,0.9013865,1.9036317,-0.10861225,0.34827656,2.3362753,-0.12619902,-0.10937822,2.4004362,-0.12601607,-0.47207502,2.4225793,-0.15159395,-0.5323944,2.4073303,0.002399782,0.3485757,2.3392606,0.02803059,-0.112838425,2.4037473,0.030034788,-0.48087135,2.4119177,0.05666108,-0.53816134,2.3926117]
[2,2,2,2,2,2,1,1,2,2,1,1,2,2,2,2,2,2,2,2]
[-0.052799366,0.39650866,2.3453956,-0.052972894,0.46392718,2.398157,-0.0470713,0.8420532,2.4035535,-0.06976493,1.013523,2.4136484,-0.16253358,0.72725487,2.3433695,-0.22000992,0.78788346,2.1770985,-0.30371892,0.89525914,1.9019037,-0.3237215,0.9181127,1.8433509,0.053816784,0.7315892,2.3482695,0.08901377,0.8068067,2.143772,0.12525736,0.8801217,1.9588467,0.13507807,0.90125906,1.9035822,-0.108305186,0.34831768,2.336337,-0.12594782,-0.10941642,2.4005973,-0.12598602,-0.47209778,2.4225843,-0.15155733,-0.5323883,2.4073944,0.0026848682,0.34855944,2.339237,0.028333835,-0.11278512,2.4038653,0.02999408,-0.48084518,2.411944,0.056615163,-0.5380348,2.392479]
[2,2,2,1,2,2,1,1,2,2,1,1,2,2,2,2,2,2,2,2]
[-0.052489284,0.3964498,2.345412,-0.05256225,0.46386167,2.3981671,-0.04664545,0.8420814,2.4035273,-0.069793,1.0134122,2.413464,-0.16208656,0.7273209,2.343452,-0.21993168,0.78788227,2.177206,-0.29863438,0.88600767,1.9215858,-0.317843,0.9067348,1.8683568,0.053989783,0.73102695,2.3479767,0.08916819,0.80673736,2.1432862,0.1251007,0.8799788,1.9588301,0.13490073,0.9011834,1.903561,-0.10801122,0.3483063,2.3363981,-0.1256978,-0.10944271,2.4007437,-0.12595868,-0.47211996,2.422588,-0.15154749,-0.532357,2.4074137,0.002947607,0.34849924,2.3391962,0.0286752,-0.112733394,2.4039712,0.029956765,-0.48081443,2.4119716,0.0565624,-0.5379196,2.3923714]
[2,2,2,1,2,2,1,1,2,2,1,1,2,2,2,2,2,2,2,2]
[-0.052214492,0.3963809,2.3454123,-0.052199397,0.46379584,2.3981616,-0.04624147,0.8421522,2.4034808,-0.069782265,1.0133353,2.4131768,-0.16172728,0.72740704,2.3435144,-0.21959463,0.78800774,2.176588,-0.2943532,0.8788991,1.9359827,-0.31335926,0.89894354,1.8844739,0.054138713,0.7304838,2.347683,0.08943483,0.8059053,2.1436021,0.12510642,0.8796917,1.9587901,0.13493863,0.9010069,1.9035212,-0.107769676,0.34828055,2.336449,-0.1254684,-0.1094613,2.400873,-0.12593402,-0.47214055,2.4225886,-0.15166347,-0.5322389,2.4074366,0.0031936003,0.3484153,2.339121,0.029064294,-0.11268417,2.4040382,0.029938795,-0.48079002,2.411999,0.056512088,-0.53783125,2.3922815]
[2,2,2,1,2,2,1,1,2,2,1,1,2,2,2,2,2,2,2,2]
[-0.051952533,0.3963048,2.3453932,-0.05183456,0.46373814,2.398132,-0.045860853,0.84236723,2.403333,-0.06970485,1.0133748,2.4127038,-0.16143474,0.7274811,2.343552,-0.21902883,0.78819203,2.1754937,-0.2909358,0.87395257,1.9458523,-0.30993095,0.89386547,1.8947934,0.05421742,0.7301767,2.347361,0.08965887,0.80520207,2.1435056,0.12524258,0.87899655,1.9584734,0.13518326,0.9004201,1.9031895,-0.10755704,0.34825054,2.3364902,-0.12526026,-0.1094342,2.4009535,-0.12591153,-0.47215986,2.4225886,-0.15177979,-0.53207505,2.407337,0.0034558098,0.3483185,2.339009,0.029531041,-0.112639196,2.404053,0.029928453,-0.48077184,2.412019,0.05647668,-0.5377467,2.3921862]
[2,2,2,1,2,2,1,1,2,2,1,1,2,2,2,2,2,2,2,2]
[-0.051717773,0.39622596,2.345367,-0.051511105,0.46368837,2.3980973,-0.045450423,0.8431983,2.4031343,-0.06960226,1.0137887,2.4116495,-0.16115913,0.72756714,2.34357,-0.21827418,0.7882832,2.1740797,-0.28828335,0.87015146,1.9524217,-0.30733955,0.8900697,1.9013772,0.05429363,0.72992396,2.3470373,0.08994947,0.8040736,2.143701,0.1256032,0.8779394,1.9579822,0.13573322,0.8994149,1.9026506,-0.107372545,0.34821808,2.3365247,-0.12507613,-0.10940073,2.4010015,-0.12589285,-0.47218084,2.4225857,-0.15191264,-0.5319036,2.407201,0.0036994843,0.3482144,2.3388875,0.030065523,-0.112604685,2.4039843,0.02992285,-0.48076,2.4120317,0.05644736,-0.5376826,2.3921013]
[2,2,2,1,2,2,1,1,2,2,1,1,2,2,2,2,2,2,2,2]
[-0.051502317,0.3961455,2.3453307,-0.05120197,0.4636445,2.3980505,-0.0449699,0.84413457,2.4028869,-0.06942373,1.0142937,2.4103086,-0.16091707,0.7276467,2.343569,-0.21745187,0.78823143,2.172541,-0.28624776,0.86719346,1.9568166,-0.3053704,0.8871553,1.905678,0.05440585,0.729618,2.3466108,0.090334855,0.8030061,2.1436343,0.1260943,0.87676734,1.9573971,0.13643503,0.8982865,1.9020151,-0.10721722,0.34818584,2.3365521,-0.12490934,-0.109447435,2.4009762,-0.12587307,-0.47220832,2.4225729,-0.15215023,-0.53168344,2.4070475,0.003953078,0.3480914,2.3387372,0.03106403,-0.11338508,2.403435,0.029927058,-0.480744,2.4120407,0.056655683,-0.5374583,2.391964]
[2,2,2,1,2,2,1,1,2,2,1,1,2,2,2,2,2,2,2,2]
[-0.05127099,0.39602476,2.3452804,-0.050874364,0.46359462,2.397993,-0.044527147,0.8452659,2.4026146,-0.06911723,1.0149813,2.4083478,-0.16074818,0.7276795,2.3435435,-0.21633725,0.7880386,2.1705885,-0.28420445,0.8648931,1.9597034,-0.30327725,0.88486314,1.9084606,0.054503206,0.72882783,2.3456397,0.09082408,0.8017484,2.142292,0.12644441,0.8755304,1.9566185,0.13694805,0.8971669,1.9012264,-0.10705724,0.34811962,2.3365843,-0.124530606,-0.110195406,2.4005733,-0.12585534,-0.472244,2.4225492,-0.15248473,-0.53138155,2.406697,0.0042502526,0.34790498,2.338549,0.033011805,-0.117192686,2.4012654,0.03000392,-0.48074362,2.4119983,0.056817114,-0.5373718,2.3918173]
[2,2,2,1,2,2,1,1,2,2,1,1,2,2,2,2,2,2,2,2]
[-0.05099649,0.3958259,2.3452098,-0.050520804,0.46349862,2.3979177,-0.043864846,0.84622526,2.4023156,-0.06882393,1.0154443,2.4056516,-0.16046996,0.7273916,2.343188,-0.21507074,0.7875159,2.1683838,-0.2825288,0.86327136,1.9615874,-0.30150613,0.8832951,1.9102433,0.054656927,0.7279214,2.344454,0.09142477,0.8004005,2.1404579,0.12686019,0.8741314,1.9556457,0.13753192,0.895867,1.9002349,-0.10689324,0.34800088,2.3366203,-0.12426505,-0.11075386,2.3999152,-0.12584093,-0.47229496,2.4224997,-0.15280943,-0.5311504,2.406416,0.004604157,0.34763068,2.338325,0.035179354,-0.12259844,2.3979516,0.03044104,-0.48103732,2.411788,0.057119638,-0.53761154,2.3915055]
[2,2,2,1,2,2,1,1,2,2,1,1,2,2,2,2,2,2,2,2]
[-0.050563503,0.39576396,2.3451207,-0.05003322,0.46353278,2.3978078,-0.043197192,0.8470977,2.401991,-0.06832432,1.0157896,2.4023068,-0.15999246,0.72689664,2.3423295,-0.21357225,0.7867684,2.1656687,-0.28090724,0.86185485,1.9625614,-0.29969504,0.8819139,1.9109812,0.055932947,0.7280219,2.343244,0.092033036,0.7992024,2.1387892,0.12670153,0.8715131,1.9533542,0.13726036,0.89284,1.8975383,-0.10666717,0.34791613,2.3366303,-0.124034554,-0.11170533,2.3987565,-0.12583289,-0.47236222,2.422419,-0.15295699,-0.53098315,2.4058957,0.0051487903,0.3475144,2.3381457,0.037036408,-0.12707159,2.3945508,0.031070871,-0.4816033,2.411315,0.057363834,-0.538248,2.3910427]
[2,2,2,1,2,2,1,1,2,2,1,1,2,2,2,2,2,2,2,2]
[-0.05011462,0.39572132,2.3450432,-0.049561325,0.46356,2.3977034,-0.040974136,0.8382478,2.3980627,-0.06563559,1.0086125,2.400662,-0.15937337,0.7263576,2.3409853,-0.21137547,0.7853458,2.1619203,-0.2781113,0.85954255,1.9617045,-0.29635978,0.87941885,1.9093765,0.0572401,0.7281643,2.3419936,0.092914686,0.79564565,2.1392086,0.0895924,0.8390735,1.9591854,0.07461545,0.8560527,1.9087309,-0.106326714,0.34781867,2.3366315,-0.12395265,-0.113073066,2.3970802,-0.1258552,-0.47245258,2.4221833,-0.15307969,-0.53090054,2.4054875,0.005646258,0.34742764,2.3380406,0.038809326,-0.13173719,2.3904338,0.031891536,-0.48243365,2.4105306,0.057440408,-0.5393714,2.3904383]
[2,2,2,2,2,2,1,1,2,2,2,1,2,2,2,2,2,2,2,2]
[-0.04957578,0.39564976,2.3449528,-0.049055856,0.46358794,2.397568,-0.038846236,0.83584213,2.3955495,-0.065127276,1.0063826,2.398667,-0.15755549,0.725241,2.3380868,-0.20908862,0.78303033,2.1574547,-0.2760021,0.85647,1.9597204,-0.2941074,0.87606895,1.9066981,0.05879412,0.7274401,2.3403332,0.097577564,0.7889953,2.1424742,0.063926294,0.814765,1.9690692,0.04853824,0.8322578,1.9149649,-0.10586316,0.34768447,2.336613,-0.12415125,-0.1150081,2.394514,-0.12591086,-0.47256464,2.4217558,-0.15304539,-0.5309224,2.404947,0.0061416496,0.34734982,2.3379693,0.040348113,-0.13544397,2.386153,0.03288413,-0.48341608,2.4093869,0.057506006,-0.5407579,2.389897]
[2,2,2,2,2,2,1,1,2,2,2,1,2,2,2,2,2,2,2,2]
[-0.049060907,0.3955681,2.3448675,-0.04851486,0.463623,2.3974223,-0.03736796,0.83499116,2.3935752,-0.064941436,1.0053322,2.397015,-0.15642208,0.72382116,2.335158,-0.20509622,0.77876526,2.150427,-0.26918143,0.8495561,1.9529948,-0.28589398,0.8680707,1.8982106,0.060141128,0.72493947,2.3373218,0.10208089,0.7839985,2.1447766,0.054057643,0.8036417,1.9725075,0.036110736,0.8195149,1.9177322,-0.10539399,0.34752646,2.3365781,-0.12494495,-0.1176057,2.390573,-0.12608872,-0.4726572,2.4207413,-0.15300517,-0.5310024,2.4044461,0.0066044005,0.3472543,2.337943,0.04163612,-0.13822992,2.3813293,0.03389454,-0.48440936,2.407901,0.057514425,-0.5422243,2.3895104]
[2,2,2,1,2,2,1,1,2,2,2,1,2,2,2,2,2,2,2,2]
[-0.048517868,0.39543372,2.3447738,-0.047893863,0.46360537,2.3972185,-0.035941917,0.8345768,2.3914738,-0.065042496,1.0045067,2.3950882,-0.15566292,0.72219414,2.3323557,-0.20157506,0.77342224,2.1447122,-0.26188475,0.84005463,1.9447613,-0.27724287,0.8570865,1.8882953,0.06109611,0.72206694,2.3341773,0.10315106,0.7767669,2.1424377,0.048772626,0.79718053,1.9716343,0.02926018,0.8113422,1.9171268,-0.104830556,0.34727916,2.3365195,-0.12659328,-0.12054581,2.3846476,-0.12625968,-0.4724407,2.4191875,-0.15272896,-0.5310175,2.4037602,0.007044249,0.34712553,2.3379552,0.043177016,-0.14016698,2.3750777,0.035231523,-0.48528326,2.4052522,0.046628896,-0.5322021,2.3509462]
[2,2,2,1,2,2,1,1,2,2,2,1,2,2,2,2,2,2,2,2]
[-0.047650333,0.3950416,2.3446546,-0.047005914,0.46336976,2.396902,-0.03459778,0.8342966,2.3893828,-0.06562652,1.0035598,2.3922412,-0.15377125,0.71827245,2.32842,-0.19881065,0.76723474,2.1399527,-0.236772,0.6968028,2.2385762,-0.24902892,0.67085177,2.288633,0.06411301,0.71809363,2.330824,0.10390471,0.7710121,2.140316,0.04876569,0.79038113,1.9674792,0.02618825,0.8038079,1.9149965,-0.10387638,0.34664345,2.3364403,-0.13036919,-0.12353022,2.373031,-0.12637517,-0.47207198,2.4172733,-0.15265001,-0.530979,2.4034042,0.007886523,0.34660667,2.3380876,0.046411864,-0.14021061,2.3654177,0.036367733,-0.48540103,2.401017,0.040396128,-0.5248951,2.326601]
[2,2,2,1,2,2,2,2,2,2,2,1,2,2,2,2,2,2,2,2]
[-0.046800677,0.39465314,2.3445303,-0.046168882,0.46313176,2.3965807,-0.03365013,0.8342111,2.3876998,-0.064690106,1.0025088,2.386332,-0.15328524,0.71285725,2.324252,-0.19612123,0.7593905,2.1342046,-0.22217451,0.66746867,2.2790642,-0.23186839,0.6404996,2.332318,0.06743152,0.71345496,2.3275042,0.10488478,0.7656267,2.1383286,0.05242747,0.78319687,1.9624202,0.03419585,0.79071105,1.906791,-0.10298356,0.34598005,2.3363602,-0.13562793,-0.12493032,2.3586562,-0.12650023,-0.4716941,2.4152658,-0.15257557,-0.5309528,2.4031088,0.008961793,0.34594285,2.3382025,0.050535414,-0.13771254,2.3539917,0.037574776,-0.48477867,2.3952649,0.03782345,-0.52090937,2.3137717]
[2,2,2,1,2,2,2,2,2,2,2,2,2,2,2,2,2,2,2,2]
[-0.044156373,0.39281198,2.344011,-0.04397538,0.46162724,2.3954232,-0.03188429,0.83187723,2.382846,-0.06017355,0.99494684,2.3665822,-0.15162133,0.6941735,2.3140628,-0.20747216,0.730021,2.1278598,-0.15936133,0.7391052,1.987811,-0.16354102,0.76098764,1.9352367,0.07700006,0.70186543,2.323305,0.10951678,0.74711496,2.1223006,0.06161928,0.76787937,1.9440763,0.049407527,0.7703952,1.8854474,-0.10031726,0.34269595,2.3358364,-0.14673486,-0.124739416,2.3305848,-0.12939142,-0.46843347,2.4012365,-0.13815658,-0.51296437,2.3505127,0.013441536,0.34223926,2.3383536,0.058957357,-0.12969375,2.3313055,0.039442148,-0.4811026,2.380472,0.03637907,-0.51564395,2.2985356]
[2,2,2,2,2,2,2,2,2,2,2,2,2,2,2,2,2,2,2,2]
[-0.042351145,0.3912204,2.3435488,-0.04217321,0.45951745,2.3942373,-0.030931745,0.8191484,2.3766363,-0.0549988,0.98491853,2.3623207,-0.1519882,0.6872758,2.3105469,-0.20804633,0.7214116,2.1246893,-0.1425291,0.7337446,1.948169,-0.14067256,0.75337905,1.8992541,0.08336049,0.6929995,2.3206766,0.11163991,0.7286823,2.092291,0.06899934,0.7526397,1.9130945,0.05364713,0.7654633,1.8639698,-0.09876269,0.339747,2.3353646,-0.1513541,-0.12457472,2.3182576,-0.1328313,-0.4773261,2.3957307,-0.15250263,-0.5331677,2.362556,0.016909335,0.3390925,2.3381371,0.06192995,-0.12685314,2.3209662,0.03993,-0.47906682,2.3729982,0.036311056,-0.51394117,2.293627]
[2,2,2,2,2,2,2,2,2,2,2,2,2,2,2,2,2,2,2,2]
[-0.04017055,0.38865402,2.3428266,-0.039948754,0.45577735,2.3924854,-0.030320574,0.80704135,2.3719327,-0.050233625,0.9746331,2.3595858,-0.15271418,0.6797776,2.3075812,-0.20479374,0.71069366,2.1204555,-0.14058453,0.73823184,1.9064267,-0.14350995,0.7466432,1.8655806,0.09050561,0.67906255,2.317922,0.11374196,0.70480967,2.0993557,0.07714295,0.74010044,1.9178398,0.06389884,0.75056636,1.8678544,-0.09706927,0.3354089,2.3345675,-0.15511669,-0.12514119,2.3082113,-0.13498671,-0.48326445,2.3926435,-0.15986036,-0.544811,2.370301,0.020760218,0.33440906,2.337618,0.06386217,-0.124447286,2.3113692,0.040644534,-0.47307804,2.3585587,0.037785783,-0.5098786,2.2854187]
[2,2,2,2,2,2,2,2,2,2,2,2,2,2,2,2,2,2,2,2]
[-0.0349453,0.3756269,2.3409796,-0.035664067,0.44148964,2.389085,-0.030372228,0.7921538,2.368182,-0.049066488,0.9603914,2.357005,-0.15465622,0.66879475,2.3044121,-0.19731912,0.6967515,2.1148977,-0.14398544,0.7333867,1.8972856,-0.1380099,0.73991275,1.825814,0.094885975,0.6682684,2.3159401,0.11460656,0.6914667,2.103772,0.08226726,0.7263077,1.923115,0.070290424,0.7330692,1.8603208,-0.091062516,0.31794727,2.332372,-0.15820275,-0.12616819,2.2996395,-0.14082913,-0.470751,2.3705513,-0.15014906,-0.5178345,2.3199213,0.026225818,0.31638128,2.336517,0.06513694,-0.124027416,2.3023887,0.04091774,-0.46971542,2.3499167,0.038858097,-0.50729877,2.2799134]
[2,2,2,2,2,2,2,2,2,2,2,2,2,2,2,2,2,2,2,2]
[-0.031131001,0.36441892,2.33919,-0.03243723,0.43021834,2.3862233,-0.030411655,0.7830563,2.365646,-0.049575455,0.95090026,2.3549426,-0.16126525,0.6427193,2.2997856,-0.1891524,0.6814468,2.106864,-0.14551453,0.7210056,1.8864958,-0.13740772,0.7321255,1.8047727,0.103205964,0.6399046,2.3097134,0.11503896,0.6819293,2.1031356,0.08538523,0.71201885,1.9222281,0.07389029,0.7159513,1.8428297,-0.08739654,0.30229068,2.330406,-0.16042429,-0.12716988,2.2927492,-0.14338173,-0.46496415,2.3607547,-0.14363578,-0.49874443,2.2880547,0.03012205,0.30273274,2.3351653,0.06595536,-0.12457811,2.2945752,0.040949058,-0.467372,2.343092,0.039527368,-0.5053825,2.2752328]
[2,2,2,2,2,2,2,2,2,2,2,2,2,2,2,2,2,2,2,2]
[-0.02847684,0.3563686,2.3376338,-0.030057013,0.42174408,2.3836875,-0.02989997,0.7722946,2.362518,-0.050466277,0.9408036,2.3546484,-0.16430818,0.6237743,2.296727,-0.18083516,0.65908533,2.07244,-0.14572619,0.7065744,1.8373412,-0.13477471,0.72362894,1.7648045,0.10653986,0.6285433,2.3070822,0.11535909,0.67099196,2.0965006,0.08001497,0.6772034,1.9104413,0.07386232,0.6972076,1.8103602,-0.085466325,0.29171348,2.3289654,-0.16222155,-0.12811315,2.2863214,-0.14499246,-0.46104863,2.3543484,-0.1415392,-0.49174726,2.2756228,0.032786105,0.29460928,2.333947,0.06630164,-0.12540938,2.2879045,0.042191792,-0.4625059,2.3319783,0.041973125,-0.5007848,2.2657857]
[2,2,2,2,2,2,2,2,2,2,2,2,2,2,2,2,2,2,2,2]
[-0.026347565,0.3498625,2.3360143,-0.027939927,0.41404003,2.3810623,-0.028968047,0.75394726,2.35904,-0.05130148,0.92361975,2.3563702,-0.16615248,0.6085902,2.294256,-0.17673571,0.6476371,2.0560434,-0.14642434,0.693324,1.806299,-0.1354403,0.70801586,1.7405177,0.1081944,0.62133807,2.3051283,0.10683561,0.64793277,2.0631583,0.0728803,0.66468877,1.8409339,0.07397221,0.68643063,1.7591951,-0.084230475,0.2842141,2.3276777,-0.16344243,-0.1291301,2.2808597,-0.14613216,-0.45799026,2.3495193,-0.14045693,-0.4876422,2.2678323,0.035020206,0.28876913,2.332531,0.06646881,-0.12653334,2.2818527,0.04516626,-0.4562183,2.3198414,0.04613783,-0.4943542,2.2541542]
[2,2,2,2,2,2,2,2,2,2,2,2,2,2,2,2,2,2,2,2]
[-0.021871714,0.32573447,2.331079,-0.023673544,0.39053807,2.375843,-0.027218949,0.7379119,2.357002,-0.050419115,0.90776753,2.357016,-0.16711886,0.5979867,2.2925029,-0.17165244,0.6339017,2.038657,-0.14492224,0.67730755,1.7826064,-0.1356399,0.70080394,1.7260578,0.10630722,0.6101766,2.3022459,0.10446711,0.6343786,2.046882,0.07059405,0.65565187,1.7957375,0.0747955,0.67440695,1.7344489,-0.08163907,0.2685466,2.3242779,-0.16471715,-0.1317778,2.273033,-0.14692578,-0.45569617,2.3459406,-0.13978617,-0.48472965,2.26237,0.038642064,0.26637805,2.3277555,0.06651265,-0.1276948,2.2767355,0.047892086,-0.45116,2.3104253,0.04964804,-0.48907748,2.2447443]
[2,2,2,2,2,2,2,2,2,2,2,2,2,2,2,2,2,2,2,2]
[-0.019815154,0.3139025,2.3286166,-0.022103574,0.3784129,2.3731196,-0.02611002,0.7250656,2.3555644,-0.050289344,0.89392674,2.355749,-0.17475985,0.5664082,2.2834702,-0.16861059,0.6214557,2.0261977,-0.1434007,0.6648904,1.7691449,-0.13505097,0.68792105,1.7150704,0.105127245,0.6011642,2.3003187,0.10413567,0.6263023,2.038876,0.068937704,0.64556146,1.7786,0.074338,0.65866333,1.7339332,-0.08074449,0.25259772,2.3212826,-0.16571693,-0.13497299,2.2656565,-0.14753914,-0.45401624,2.3430269,-0.13937622,-0.48282272,2.2587874,0.040843755,0.25490302,2.325053,0.06620999,-0.12936439,2.2715294,0.05018873,-0.44747573,2.303771,0.05312628,-0.4851151,2.2378182]
[2,2,2,2,2,2,2,2,2,2,2,2,2,2,2,2,2,2,2,2]
[-0.019538995,0.29513797,2.3255842,-0.022359127,0.35955676,2.3699667,-0.025810469,0.70860547,2.3538504,-0.047622006,0.8747362,2.3502383,-0.17679878,0.55270857,2.2798295,-0.18101837,0.596575,2.054609,-0.1501123,0.62591654,1.8545551,-0.13418895,0.6658587,1.715485,0.09937683,0.56713295,2.295893,0.104733974,0.6103246,2.038684,0.0787331,0.6204463,1.8343358,0.0744443,0.6404838,1.7413617,-0.08083156,0.23755383,2.3187304,-0.16669466,-0.1392759,2.258083,-0.14807439,-0.45281452,2.3406343,-0.13949649,-0.4819725,2.256864,0.041347012,0.23499376,2.321562,0.06560652,-0.1327442,2.265048,0.052228697,-0.44462633,2.2985718,0.05600378,-0.4821007,2.2323825]
[2,2,2,2,2,2,2,2,2,2,2,2,2,2,2,2,2,2,2,2]
[-0.019521378,0.27740267,2.322896,-0.022390742,0.3418475,2.3673134,-0.025405342,0.6914475,2.3521576,-0.044719253,0.8576507,2.3471775,-0.17355923,0.5271498,2.2787735,-0.18711552,0.576766,2.0838232,-0.1524336,0.60503304,1.8777155,-0.13330862,0.6449024,1.71918,0.09691874,0.55339235,2.2946162,0.116599776,0.5782505,2.074096,0.08391479,0.600983,1.8553615,0.074792065,0.6231193,1.7432166,-0.08129801,0.21739177,2.31586,-0.16749808,-0.14371805,2.2514527,-0.15125225,-0.45116052,2.3320282,-0.14217563,-0.4819953,2.2531855,0.041786566,0.22084059,2.318979,0.06517441,-0.13664424,2.2587154,0.05450981,-0.44209722,2.2937338,0.05859151,-0.47952902,2.2273743]
[2,2,2,2,2,2,2,2,2,2,2,2,2,2,2,2,2,2,2,2]
[-0.020674521,0.26463974,2.3209817,-0.02396402,0.32777238,2.365453,-0.029933563,0.66805714,2.35118,-0.041896243,0.8398567,2.3455205,-0.1719002,0.5134792,2.2784154,-0.18839161,0.56569105,2.094299,-0.15380478,0.5910873,1.8933195,-0.1323902,0.6264313,1.7214903,0.094707176,0.54124004,2.2940485,0.123160124,0.55975044,2.0964634,0.09276904,0.5728967,1.9070172,0.07445325,0.6036519,1.7520652,-0.08243634,0.20489936,2.3138974,-0.16784802,-0.14758347,2.2458022,-0.15485959,-0.44940552,2.3225985,-0.14589848,-0.48219982,2.2487397,0.04111195,0.20876305,2.3168366,0.06490586,-0.14384706,2.2501123,0.058340974,-0.43888542,2.2865503,0.062530205,-0.47631717,2.2199047]
[2,2,2,2,2,2,2,2,2,2,2,2,2,2,2,2,2,2,2,2]
[-0.022165144,0.25555065,2.3194194,-0.02564211,0.3180597,2.3639789,-0.032206412,0.6556741,2.3501623,-0.040012784,0.8265863,2.3432007,-0.17115906,0.50602233,2.2780828,-0.1878289,0.55512226,2.0968413,-0.15419102,0.5808423,1.900567,-0.13206717,0.60928136,1.7249166,0.0935645,0.5318035,2.2938,0.12454892,0.54386806,2.0931067,0.08876413,0.563154,1.8624034,0.074726515,0.5889016,1.7590189,-0.084019445,0.1962741,2.3123207,-0.16812079,-0.15193878,2.240035,-0.15706624,-0.44859645,2.3170702,-0.14871538,-0.48269305,2.245807,0.039927393,0.19891164,2.3149083,0.06487453,-0.15214048,2.24263,0.06248252,-0.43801853,2.2792356,0.066678174,-0.4755082,2.2123277]
[2,2,2,2,2,2,2,2,2,2,2,2,2,2,2,2,2,2,2,2]
[-0.025369173,0.24325289,2.3173127,-0.028729847,0.30480394,2.361984,-0.03411223,0.6380712,2.3479538,-0.037574504,0.8078956,2.3412385,-0.17017807,0.50077075,2.2778902,-0.17819764,0.53456825,2.057652,-0.14465088,0.5653039,1.8228073,-0.13202497,0.59193957,1.727724,0.0929894,0.5206894,2.2930129,0.12969546,0.5274906,2.1000533,0.09287456,0.53858256,1.9076654,0.0749791,0.5739482,1.7620982,-0.08765371,0.18473634,2.3102787,-0.16899638,-0.16014752,2.2331462,-0.15877984,-0.44812703,2.3127036,-0.15125115,-0.48330724,2.2432134,0.037745308,0.18791623,2.3127086,0.065316826,-0.16380072,2.2351625,0.069949016,-0.44381654,2.267279,0.07383821,-0.4814281,2.2001]
[2,2,2,2,2,2,2,2,2,2,2,2,2,2,2,2,2,2,2,2]
[-0.02775161,0.23442023,2.3157632,-0.03115041,0.2948436,2.3604162,-0.035836402,0.620925,2.3456223,-0.033229712,0.7912662,2.3400714,-0.16742578,0.4935594,2.2772372,-0.18069988,0.5137968,2.0632374,-0.15066168,0.5344462,1.8678893,-0.13118829,0.5718984,1.7310061,0.093705215,0.5101348,2.2919073,0.13256665,0.51787996,2.1031668,0.093980156,0.52975535,1.9187421,0.07589425,0.55848104,1.7656357,-0.090752,0.17558889,2.3086815,-0.1697928,-0.1684797,2.2271776,-0.16000216,-0.44790024,2.309434,-0.15315548,-0.48391283,2.2411258,0.036087032,0.17938651,2.3109226,0.0658143,-0.17332032,2.229941,0.07611351,-0.45134202,2.2567346,0.07989756,-0.48909968,2.1893268]
[2,2,2,2,2,2,2,2,2,2,2,2,2,2,2,2,2,2,2,2]
[-0.029385319,0.22501904,2.3141963,-0.03259152,0.28437337,2.358598,-0.036152575,0.6047048,2.3423371,-0.029713057,0.7783457,2.3391175,-0.16558364,0.47409177,2.2751954,-0.18226726,0.50141597,2.0676115,-0.15281944,0.5176766,1.8830278,-0.13052626,0.55631155,1.7332078,0.09462441,0.50083774,2.2904224,0.14074734,0.4952991,2.1040268,0.095693275,0.5218386,1.926422,0.07717687,0.5436995,1.7673154,-0.094069794,0.16271782,2.3063877,-0.17151724,-0.18262282,2.2199783,-0.16100495,-0.4479167,2.3067944,-0.15492645,-0.48466665,2.2392259,0.035713524,0.1697597,2.3094568,0.0669567,-0.18460937,2.2246695,0.08130151,-0.46161622,2.248275,0.08478483,-0.49947658,2.1807377]
[2,2,2,2,2,2,2,2,2,2,2,2,2,2,2,2,2,2,2,2]
[-0.03236077,0.20420466,2.312093,-0.03486786,0.26495317,2.3559911,-0.036190055,0.5896231,2.3391585,-0.027156338,0.7682394,2.3380687,-0.1647552,0.46413457,2.2743385,-0.1840111,0.49026594,2.0713656,-0.15305355,0.5070833,1.8860781,-0.13047987,0.53789365,1.7340525,0.09100074,0.47978216,2.2878723,0.14493795,0.48447442,2.1052554,0.09676708,0.5112467,1.9320313,0.07842741,0.5265391,1.7699802,-0.09745604,0.14688979,2.3044553,-0.17116135,-0.20046315,2.2079155,-0.1617784,-0.4503425,2.3050003,-0.15659009,-0.48814982,2.2380645,0.033913985,0.15006152,2.3080745,0.06853107,-0.20476447,2.2091064,0.08529517,-0.47255802,2.2471507,0.08863269,-0.51054466,2.1795485]
[2,2,2,2,2,2,2,2,2,2,2,2,2,2,2,2,2,2,2,2]
[-0.033855777,0.1892142,2.3106928,-0.036359724,0.24977852,2.354013,-0.036446534,0.574136,2.336476,-0.025895547,0.75955045,2.337242,-0.16335061,0.4444514,2.2719624,-0.18570168,0.47874418,2.0746586,-0.15104453,0.48718357,1.861229,-0.13013224,0.51876867,1.7338948,0.090425566,0.448495,2.2863479,0.14800759,0.4773405,2.1066048,0.09735723,0.49915248,1.9363593,0.079048395,0.5102626,1.7709463,-0.09981255,0.13209057,2.3024929,-0.17145832,-0.21525238,2.1997325,-0.14806344,-0.47818685,2.3246431,-0.18462293,-0.5137361,2.3144608,0.033394158,0.13384347,2.307442,0.069768846,-0.21906427,2.1998217,0.08886424,-0.48538262,2.2451327,0.09148203,-0.5185713,2.1774065]
[2,2,2,2,2,2,2,2,2,2,2,2,2,2,2,2,2,2,2,1]
[-0.035428703,0.17578036,2.309256,-0.03809214,0.23676242,2.3518991,-0.036896933,0.563019,2.3339386,-0.025024537,0.7523153,2.336235,-0.16269888,0.4349373,2.270818,-0.18677646,0.46799564,2.0765975,-0.15210952,0.46659622,1.8730772,-0.13018493,0.49995172,1.7340677,0.089407414,0.43042955,2.2866962,0.12690356,0.45152858,2.0880866,0.09492683,0.4820516,1.9174644,0.08036432,0.49424958,1.7724824,-0.10173917,0.12068223,2.300891,-0.1719602,-0.22609441,2.194238,-0.1500587,-0.48793176,2.3152738,-0.16822177,-0.5257492,2.263201,0.03219601,0.11835545,2.30679,0.07121752,-0.23181765,2.193068,0.09398589,-0.5027669,2.2377298,0.09561755,-0.530208,2.172577]
[2,2,2,2,2,2,2,2,2,2,2,2,2,2,2,2,2,2,2,1]
[-0.037564326,0.1558074,2.3071694,-0.04068503,0.21896368,2.3488104,-0.038621347,0.55209017,2.3307662,-0.024992293,0.73311675,2.3327997,-0.1617837,0.42756906,2.2698162,-0.18751068,0.45290178,2.0772889,-0.15261368,0.45625696,1.8771495,-0.13021249,0.48379788,1.7317032,0.0877485,0.41793096,2.2868412,0.116136685,0.43842638,2.0747988,0.09223819,0.46236902,1.8966495,0.080242746,0.47289178,1.7632475,-0.10269644,0.105567604,2.2991223,-0.17354852,-0.23922944,2.1883764,-0.1536872,-0.49863446,2.305189,-0.16430512,-0.5414917,2.2443554,0.029438136,0.10021321,2.3058925,0.07308776,-0.24609031,2.186315,0.09807852,-0.5195505,2.2315822,0.09972149,-0.5439001,2.1677594]
[2,2,2,2,2,2,2,2,2,2,2,2,2,2,2,2,2,2,2,1]
[-0.038792733,0.14355977,2.3060493,-0.04214073,0.20782799,2.3467793,-0.039815854,0.5447447,2.328347,-0.02664405,0.71984446,2.3304913,-0.16199516,0.41770807,2.2681527,-0.18631788,0.43241107,2.0660868,-0.15013056,0.43899998,1.844317,-0.13033018,0.4690622,1.7278146,0.08585327,0.40709928,2.286266,0.105431244,0.4223662,2.0409951,0.08635178,0.4519178,1.8610663,0.08046085,0.45553833,1.7500879,-0.103310496,0.093110055,2.2980483,-0.17484024,-0.24979112,2.1836326,-0.15679803,-0.50678277,2.2975461,-0.16222714,-0.5483784,2.2347162,0.02756267,0.08758179,2.3054736,0.07441337,-0.25610057,2.1813836,0.10089366,-0.53043157,2.2272627,0.103009254,-0.5551142,2.1636362]
[2,2,2,2,2,2,2,2,2,2,2,2,2,2,2,1,2,2,2,1]
[-0.039555874,0.13348661,2.3052742,-0.043114416,0.19894904,2.3450928,-0.040886063,0.5395091,2.3264153,-0.028012048,0.71114254,2.3283112,-0.16209269,0.4092076,2.2667758,-0.18193373,0.41172498,2.0434718,-0.15043421,0.42752716,1.839423,-0.13089757,0.45651492,1.7244922,0.08450089,0.3986598,2.2856147,0.101703934,0.4149836,2.0323896,0.084247105,0.4414369,1.8500304,0.080904,0.44268984,1.7475102,-0.103450455,0.082140416,2.297154,-0.17619774,-0.25889495,2.1795774,-0.15884371,-0.5127137,2.2928236,-0.16082749,-0.5534136,2.2284102,0.026276829,0.07728655,2.305413,0.07570533,-0.26424244,2.177471,0.070489034,-0.51291096,2.2722473,0.08929397,-0.5451925,2.2971258]
[2,2,2,2,2,2,2,2,2,2,2,2,2,2,2,1,2,2,2,2]
[-0.039950836,0.1262532,2.3047395,-0.04378351,0.19226103,2.3435984,-0.042106554,0.5344012,2.3239472,-0.030142145,0.70379007,2.3265264,-0.17065068,0.37638807,2.2588859,-0.17823045,0.39465207,2.012257,-0.14447899,0.4167197,1.7853749,-0.13215129,0.44460204,1.7231237,0.083500795,0.38387495,2.2836642,0.09935125,0.40687087,2.0307598,0.084291846,0.43127126,1.8480415,0.081266634,0.43370312,1.7470435,-0.103597544,0.07205282,2.2965052,-0.17689677,-0.2673704,2.1755629,-0.15762971,-0.50750154,2.2977538,-0.15400457,-0.546636,2.2308853,0.025761548,0.06936568,2.3054178,0.0768567,-0.2705906,2.1742406,0.05455397,-0.5023605,2.2948442,0.08449947,-0.5458663,2.3374636]
[2,2,2,2,2,2,2,2,2,2,2,2,2,2,2,2,2,2,2,2]
[-0.04005817,0.11896981,2.304294,-0.044106442,0.18552457,2.3419077,-0.04307452,0.5294848,2.3213222,-0.032501377,0.69727325,2.3243184,-0.17461956,0.36169094,2.2555878,-0.17679374,0.38733482,2.0012305,-0.144974,0.4012029,1.7852825,-0.13337244,0.4338742,1.7217786,0.08302672,0.37382257,2.2822485,0.099854104,0.39913785,2.0360632,0.084977165,0.41733462,1.8542367,0.08088491,0.42542428,1.7489876,-0.10363472,0.061033834,2.2957468,-0.1783095,-0.27633128,2.170615,-0.15591714,-0.5011325,2.3020422,-0.14878212,-0.5393637,2.2336411,0.025682319,0.060967863,2.305685,0.07844954,-0.27708265,2.1706185,0.047987483,-0.4979504,2.303991,0.08147188,-0.5438785,2.3628137]
[2,2,2,2,2,2,2,2,2,2,2,2,2,2,2,2,2,2,2,2]
[-0.039808605,0.11135022,2.3039,-0.04399397,0.17842923,2.3399527,-0.04361521,0.52423346,2.3184073,-0.035552967,0.69059134,2.3209271,-0.1762105,0.35296887,2.2535083,-0.17590193,0.38202468,1.9939961,-0.1448547,0.39353222,1.7867919,-0.13492055,0.42311674,1.7193033,0.082503654,0.3666813,2.2809453,0.09911169,0.3908608,2.033093,0.085207805,0.4099231,1.8513442,0.07903709,0.41607323,1.7452215,-0.103280686,0.052127413,2.2951612,-0.17943043,-0.28343064,2.1667752,-0.15448678,-0.49658623,2.305347,-0.14541902,-0.53446835,2.2361119,0.025703365,0.054009497,2.3059893,0.07975647,-0.28230304,2.1670573,0.04413207,-0.4954674,2.3093765,0.062424578,-0.53267586,2.268032]
[2,2,2,2,2,2,2,2,2,2,2,2,2,2,2,2,2,2,2,2]
[-0.03982522,0.098301455,2.3037424,-0.044052105,0.16678074,2.3374403,-0.04416515,0.5170994,2.315151,-0.038792152,0.6820661,2.3158836,-0.17676851,0.3462057,2.2520204,-0.17570148,0.37725,1.9896487,-0.1458989,0.38850686,1.795327,-0.13671213,0.41315877,1.7187331,0.08220617,0.3608345,2.2799673,0.09854946,0.38503262,2.0306737,0.085841365,0.40444586,1.8488106,0.07459697,0.4045858,1.7335155,-0.10358118,0.038367637,2.294871,-0.1812331,-0.29439133,2.1613352,-0.15295021,-0.49279645,2.307525,-0.1427885,-0.5305739,2.2378829,0.02569677,0.04242174,2.3067584,0.081384264,-0.2904599,2.161505,0.041964505,-0.4933577,2.3121803,0.055775724,-0.5296903,2.2588148]
[2,2,2,2,2,2,2,2,2,2,2,2,2,2,2,2,2,2,2,2]
[-0.03988948,0.08745114,2.3038251,-0.044193495,0.15681814,2.3353157,-0.044875056,0.5101225,2.3122249,-0.04125099,0.67413044,2.3107345,-0.17693573,0.34133315,2.250983,-0.18045568,0.36448488,2.002132,-0.15249972,0.37697113,1.825272,-0.13897468,0.40199557,1.7210996,0.081654,0.35497832,2.2792714,0.09718821,0.37769032,2.0272598,0.08016335,0.38422096,1.812707,0.07081702,0.3943517,1.7188859,-0.10365325,0.027904537,2.2949736,-0.18253511,-0.30253756,2.1570969,-0.15803942,-0.52031314,2.2979367,-0.14471722,-0.5439778,2.2336013,0.025542911,0.032747023,2.307493,0.08226343,-0.29736394,2.1571777,0.050751805,-0.52503043,2.2921388,0.057248317,-0.5563614,2.2190535]
[2,2,2,2,2,2,2,2,2,2,2,2,2,2,2,1,2,2,2,1]
[-0.039918844,0.07805381,2.3040934,-0.044191673,0.14759079,2.3334107,-0.04589163,0.50012803,2.3088472,-0.043768812,0.6645581,2.306109,-0.17672434,0.337294,2.2503078,-0.1829668,0.35708272,2.0091968,-0.15871279,0.3690109,1.8351916,-0.1407964,0.39279297,1.7226901,0.08089597,0.3497757,2.2783394,0.097272255,0.36068138,2.0437958,0.08437624,0.36778265,1.8426187,0.07071923,0.3820469,1.7281632,-0.10343411,0.019020839,2.295392,-0.18352722,-0.3091804,2.153603,-0.15520237,-0.51179177,2.3029542,-0.14345677,-0.5408916,2.236396,0.025263319,0.02426228,2.3082361,0.0829794,-0.30334148,2.1534545,0.05510052,-0.5406503,2.283779,0.057474844,-0.56796086,2.2033064]
[2,2,2,2,2,2,2,2,2,2,2,2,2,2,2,2,2,2,2,1]
[-0.040280186,0.07066107,2.3044214,-0.044557806,0.13954465,2.3318164,-0.04793484,0.48526824,2.3060925,-0.04651929,0.65107626,2.3027062,-0.17639355,0.33429506,2.2498565,-0.18402402,0.35194677,2.0102475,-0.15651068,0.36191034,1.7992823,-0.14217909,0.38467672,1.7220919,0.079671234,0.3445526,2.2773035,0.09766673,0.35287762,2.0503528,0.0857921,0.36085817,1.8580834,0.070595264,0.37531647,1.7339057,-0.103360094,0.012582941,2.2957945,-0.1840527,-0.31404832,2.1508517,-0.15858775,-0.52761513,2.2977922,-0.14647707,-0.55329406,2.233009,0.0244806,0.017235784,2.3089247,0.083901964,-0.3078871,2.1499338,0.056812108,-0.54698116,2.2806327,0.057490658,-0.57403463,2.1946912]
[2,2,2,2,2,2,2,2,2,2,2,2,2,2,2,1,2,2,2,1]
[-0.041016575,0.064041846,2.3048635,-0.045213968,0.13276918,2.3305044,-0.049007684,0.47681075,2.304666,-0.0481186,0.64239943,2.2996252,-0.17541847,0.33130583,2.2492807,-0.1847114,0.34842342,2.010889,-0.15916665,0.35581523,1.777054,-0.14342916,0.37871304,1.7214934,0.07814995,0.33997783,2.2765238,0.09786529,0.34819067,2.0540292,0.0862846,0.3574785,1.866272,0.0704806,0.37104365,1.7394521,-0.10334884,0.0075788405,2.296184,-0.18445082,-0.31779066,2.1486537,-0.15998957,-0.5356395,2.295664,-0.1399408,-0.52086705,2.302224,0.022799361,0.010654499,2.30976,0.08442113,-0.3117785,2.1473336,0.058045425,-0.55147296,2.2786217,0.05267795,-0.5157748,2.284113]
[2,2,2,2,2,2,2,2,2,2,2,2,2,2,2,2,2,2,2,2]
[-0.041626524,0.05944461,2.3052216,-0.04575345,0.12800679,2.329472,-0.04963807,0.47106028,2.3038032,-0.04925663,0.6364109,2.2975147,-0.1744367,0.3290061,2.2487636,-0.18513241,0.34581602,2.011303,-0.1601252,0.3529543,1.7672733,-0.14463036,0.37406173,1.7206869,0.077028096,0.33666164,2.2760112,0.09788797,0.3447294,2.0552623,0.0848028,0.35385463,1.8621093,0.07045575,0.3683943,1.7430687,-0.103393726,0.003918371,2.29653,-0.18475193,-0.32049552,2.1470463,-0.16114841,-0.54059094,2.2944796,-0.14665999,-0.54839456,2.2772658,0.021432752,0.0060044667,2.3103971,0.07897779,-0.29482138,2.1556284,0.05579656,-0.51999295,2.2852907,0.054151885,-0.5236665,2.2575316]
[2,2,2,2,2,2,2,2,2,2,2,2,2,2,2,1,2,2,2,2]
[-0.04206765,0.05634353,2.3054945,-0.046138775,0.124798015,2.328686,-0.05002405,0.46732435,2.303265,-0.049915183,0.63257575,2.2962155,-0.1735981,0.32735166,2.2484128,-0.18542388,0.3438603,2.0114405,-0.1604888,0.35115388,1.7614225,-0.14555188,0.3706055,1.7198561,0.076237775,0.33411548,2.2758088,0.09800357,0.3421653,2.055507,0.08385347,0.35175157,1.8633919,0.07048874,0.36659375,1.7452079,-0.10344649,0.0013360111,2.2968025,-0.18498132,-0.3223839,2.1459382,-0.16204484,-0.544125,2.2934926,-0.14177692,-0.5206728,2.3154395,0.020418698,0.0028037948,2.3108892,0.075810626,-0.28547236,2.160257,0.054569475,-0.50433713,2.2881792,0.056026805,-0.5207777,2.2502975]
[2,2,2,2,2,2,2,2,2,2,2,2,2,2,2,2,2,2,2,2]
[-0.04243931,0.05416012,2.3057408,-0.046452202,0.12253312,2.3281102,-0.05038718,0.46440417,2.3030407,-0.05050918,0.6296024,2.2953968,-0.17298166,0.3261456,2.2482343,-0.18917416,0.33767056,2.0292678,-0.16127858,0.35067576,1.7766107,-0.1465117,0.36793575,1.7198385,0.075727075,0.33222383,2.2756667,0.09808861,0.3404927,2.0557256,0.08352902,0.35285947,1.8640901,0.070576176,0.3655386,1.7468412,-0.10354464,-5.636626E-4,2.2970686,-0.18517385,-0.32374936,2.1451993,-0.16264933,-0.5464132,2.2930243,-0.1388134,-0.50490576,2.335249,0.01957195,4.8298063E-4,2.3113334,0.07391054,-0.28041306,2.162925,0.05398202,-0.49640635,2.2895362,0.057670306,-0.5203874,2.2428188]
[2,2,2,2,2,2,2,2,2,2,2,2,2,2,2,2,2,2,2,2]
[-0.04275691,0.05260253,2.3059647,-0.04667501,0.12093181,2.3276808,-0.050589837,0.46235514,2.3029768,-0.050921757,0.62752503,2.294842,-0.17240046,0.32521227,2.2482345,-0.19161816,0.3347921,2.0413978,-0.1634303,0.3523098,1.7908038,-0.14719526,0.36611927,1.7198387,0.07536857,0.3308992,2.2755606,0.0983229,0.3396101,2.0563886,0.081865944,0.35372475,1.8670349,0.07059924,0.36533013,1.7490218,-0.103657044,-0.0019351655,2.2973106,-0.18533023,-0.32474017,2.144676,-0.16308706,-0.54800934,2.2927237,-0.13779238,-0.49847963,2.3442736,0.018880257,-0.0011507845,2.3117063,0.0726642,-0.27723074,2.164649,0.053673193,-0.49190986,2.2905464,0.058783047,-0.5212248,2.237712]
[2,2,2,2,2,2,2,2,2,2,2,2,2,2,2,2,2,2,2,2]
[-0.043040536,0.05153185,2.3061883,-0.04684483,0.11980026,2.3273427,-0.05072627,0.46104115,2.3031244,-0.051176496,0.6261083,2.2945137,-0.17177634,0.32474977,2.2484884,-0.21645291,0.33852926,2.0645137,-0.1704348,0.35883942,1.8372036,-0.1481222,0.3652268,1.721012,0.07510651,0.32997328,2.2754822,0.100134626,0.34098428,2.059693,0.08013986,0.3555482,1.8737924,0.07064485,0.365853,1.7510988,-0.103765965,-0.0028864527,2.297559,-0.18553054,-0.3254405,2.1444833,-0.16348423,-0.54918593,2.2925816,-0.13718349,-0.49481446,2.3499188,0.018321551,-0.002255771,2.312021,0.07174441,-0.27495003,2.1659358,0.05348371,-0.48894605,2.2911777,0.059510767,-0.52248037,2.233819]
[2,2,2,2,2,2,2,2,2,2,2,2,2,2,2,2,2,2,2,2]
[-0.043324463,0.05153229,2.3066566,-0.046962727,0.119760126,2.3270326,-0.05058093,0.46282023,2.3044946,-0.051112432,0.62690824,2.294529,-0.17126265,0.3248506,2.2490897,-0.21658355,0.34232697,2.070173,-0.1739245,0.36291522,1.8591392,-0.14920002,0.3660133,1.7235421,0.07494522,0.32939765,2.2755036,0.106735185,0.34866825,2.0736208,0.07980387,0.3598361,1.8906965,0.07056624,0.3677239,1.7528224,-0.10393825,-0.003202279,2.2979865,-0.18572098,-0.3256191,2.1451335,-0.16378403,-0.5500025,2.2926135,-0.1366055,-0.49223965,2.3526409,0.017965252,-0.0024302164,2.3124256,0.070582055,-0.27151182,2.1685538,0.053342506,-0.48678595,2.2917428,0.059953067,-0.5232516,2.2314017]
[2,2,2,2,2,2,2,2,2,2,2,2,2,2,2,2,2,2,2,2]
[-0.043762982,0.054755934,2.307864,-0.04720741,0.12292717,2.326872,-0.051125325,0.46817905,2.306262,-0.05034743,0.63170165,2.2955606,-0.17096,0.32574648,2.2500486,-0.21368304,0.34743446,2.0721133,-0.17608939,0.36834767,1.8754704,-0.15043238,0.3703936,1.729008,0.07489662,0.3294186,2.2757707,0.10580069,0.35516185,2.0811265,0.07930361,0.36768103,1.8927381,0.06918551,0.38819596,1.7246845,-0.104610905,-8.3203125E-4,2.2993307,-0.18642773,-0.32341394,2.1480837,-0.15662587,-0.5121113,2.3066697,-0.14182982,-0.51264226,2.2857099,0.018020762,3.0057912E-5,2.3133144,0.06964104,-0.26654223,2.172603,0.08050615,-0.42936173,2.235738,0.088057555,-0.4694557,2.1679742]
[2,2,2,2,2,2,2,2,2,2,2,2,2,2,2,2,2,2,2,2]
[-0.043963138,0.06345284,2.3101346,-0.047373768,0.13166496,2.3270724,-0.05284391,0.47875512,2.3079603,-0.04848273,0.64332926,2.29921,-0.17071956,0.32773417,2.2513292,-0.21134289,0.35722417,2.074225,-0.17708631,0.3762736,1.8894154,-0.15084305,0.3840469,1.7268906,0.07514391,0.33253744,2.2765868,0.1244573,0.3744302,2.0958755,0.081984594,0.37713203,1.89872,0.06996412,0.40168658,1.7274958,-0.105122,0.0068290834,2.3019092,-0.18653771,-0.31682876,2.1539094,-0.15297742,-0.4940973,2.3146343,-0.14440131,-0.5240408,2.2534955,0.018902084,0.008484585,2.3154938,0.069520146,-0.26034147,2.1773195,0.09373749,-0.40068296,2.2066078,0.101242125,-0.44330564,2.1360016]
[2,2,2,2,2,2,2,2,2,2,2,2,2,2,2,2,2,2,2,2]
[-0.044479713,0.07853391,2.313602,-0.047797613,0.14703013,2.3279212,-0.05404736,0.49467537,2.30932,-0.046174616,0.65988135,2.30272,-0.17053822,0.3316664,2.252304,-0.20487967,0.37097877,2.0730424,-0.17700994,0.38352644,1.896155,-0.1508807,0.39745352,1.725853,0.07589955,0.3383994,2.2777295,0.13586009,0.3899117,2.104221,0.08480332,0.39121562,1.909079,0.071870625,0.4142841,1.7389314,-0.106279165,0.021625983,2.3061674,-0.18518376,-0.3046553,2.162039,-0.15639621,-0.50178903,2.3072467,-0.15086664,-0.5483831,2.2246928,0.019578919,0.021998301,2.318673,0.06976323,-0.2558425,2.1808887,0.098256506,-0.39033136,2.1968377,0.10598672,-0.43406573,2.1246712]
[2,2,2,2,2,2,2,2,2,2,2,2,2,2,2,1,2,2,2,2]
[-0.044631746,0.09507283,2.316641,-0.047638446,0.16302583,2.32872,-0.05448167,0.5071009,2.3104966,-0.043835975,0.6728971,2.3061216,-0.1701967,0.36981648,2.2589288,-0.19277625,0.39850846,2.0407212,-0.1712833,0.40464035,1.8673391,-0.15100013,0.41259333,1.7277535,0.0753703,0.36536488,2.2794673,0.14037617,0.3960751,2.1075408,0.086868845,0.4037624,1.9182051,0.073354624,0.423879,1.7471842,-0.10673832,0.039694205,2.310102,-0.1832797,-0.2892339,2.1703746,-0.15383993,-0.49308616,2.3135648,-0.15012638,-0.54647833,2.223955,0.020094976,0.038919903,2.321598,0.07318625,-0.259624,2.1818366,0.09874891,-0.50746846,2.2255738,0.1088825,-0.51499563,2.1398416]
[2,2,2,2,2,2,2,2,2,1,2,2,2,2,2,2,2,2,2,1]
[-0.044079732,0.11460394,2.3195007,-0.047027554,0.18198137,2.329827,-0.054853078,0.52174,2.3123257,-0.042738307,0.6862043,2.307536,-0.17032047,0.3892317,2.2617795,-0.1888972,0.4126855,2.0361433,-0.16980253,0.41608205,1.8640493,-0.15105993,0.4263933,1.7293702,0.0749502,0.3843633,2.2810454,0.14476764,0.40640426,2.109231,0.0903382,0.4367025,1.9013033,0.074410856,0.44164738,1.7426944,-0.106175154,0.058818005,2.3136084,-0.18072745,-0.27239975,2.1787405,-0.15222153,-0.48818526,2.3176663,-0.14891371,-0.54418933,2.2258086,0.021055274,0.058985054,2.3239625,0.07473084,-0.259581,2.1835406,0.09913686,-0.523099,2.2299526,0.106610976,-0.55440557,2.154671]
[2,2,2,2,2,2,2,2,2,2,2,2,2,2,2,2,2,2,2,1]
[-0.042383827,0.13388965,2.3218431,-0.045676697,0.20016502,2.3308234,-0.05494194,0.5343918,2.3138592,-0.042034317,0.70547575,2.3095322,-0.17055999,0.40015885,2.2627857,-0.18688689,0.4229423,2.035231,-0.16864088,0.43074214,1.8634983,-0.14951125,0.44724897,1.7240323,0.0745441,0.4032306,2.2836573,0.14248373,0.4307826,2.1092122,0.09145345,0.45568457,1.9107392,0.07551792,0.4544684,1.742882,-0.10443608,0.07639588,2.3160496,-0.17845213,-0.2566245,2.1862905,-0.15207933,-0.485759,2.3177712,-0.14913186,-0.5431042,2.224256,0.023279415,0.08008716,2.3263202,0.07601123,-0.25702682,2.1876805,0.094821155,-0.5397748,2.2438912,0.1044671,-0.5694612,2.164795]
[2,2,2,2,2,2,2,2,2,2,2,2,2,2,2,2,2,2,2,1]
[-0.04111302,0.14818598,2.323386,-0.044494353,0.21542884,2.331289,-0.055316664,0.5559789,2.3141344,-0.040838506,0.72309345,2.310382,-0.1714862,0.4132217,2.2636392,-0.18641421,0.44035935,2.0471795,-0.16958958,0.45064494,1.872092,-0.14833638,0.463124,1.7225019,0.07427303,0.41774115,2.2846534,0.14326486,0.4469841,2.1090355,0.09234366,0.4668812,1.9154578,0.07796241,0.47103238,1.7482147,-0.10327098,0.08978508,2.3179338,-0.17672773,-0.24456178,2.1922739,-0.15190507,-0.48459515,2.3215694,-0.14839399,-0.53793675,2.2407885,0.025076117,0.09500948,2.3277578,0.07693275,-0.2516789,2.1936526,0.090471216,-0.5420682,2.2568412,0.101551354,-0.575616,2.1752121]
[2,2,2,2,2,2,2,2,2,2,2,2,2,2,2,2,2,2,2,1]
[-0.039113343,0.16921759,2.3246012,-0.042092342,0.2383914,2.3311214,-0.052551404,0.5850622,2.3131864,-0.03770959,0.7511647,2.314696,-0.17076819,0.4309048,2.2631478,-0.19232662,0.46407363,2.0602422,-0.16909933,0.46916485,1.8805915,-0.14826742,0.47884393,1.7233245,0.07067553,0.46131337,2.2792118,0.14022575,0.46032178,2.103478,0.09202352,0.4784781,1.9168909,0.07834121,0.4921099,1.7441638,-0.10104443,0.113242954,2.319466,-0.17537029,-0.22372974,2.2048671,-0.15198988,-0.48223788,2.3228853,-0.14911088,-0.53004396,2.247424,0.027122349,0.12002289,2.3294196,0.07744806,-0.23021065,2.2155035,0.07946451,-0.52070683,2.274794,0.08709957,-0.55773276,2.200348]
[2,2,2,2,2,2,2,2,2,2,2,2,2,2,2,2,2,2,2,2]
[-0.038503874,0.183446,2.325546,-0.041504294,0.25379097,2.3310378,-0.052794542,0.60627073,2.3131208,-0.03530047,0.7709419,2.3164196,-0.16754253,0.4508112,2.2599492,-0.19807161,0.4770915,2.0654154,-0.16937423,0.4992835,1.8769392,-0.14809982,0.5000985,1.7214108,0.06934166,0.47767916,2.2772648,0.13631082,0.47301063,2.0981636,0.09253296,0.5004898,1.9118874,0.07947268,0.50785357,1.7433996,-0.099810645,0.12927106,2.3206062,-0.17445065,-0.20961581,2.2135298,-0.1560048,-0.4736508,2.3196278,-0.15284792,-0.516363,2.2482429,0.027156956,0.13528536,2.3305788,0.077472255,-0.21610695,2.2280416,0.07295754,-0.5008898,2.2849886,0.07931943,-0.53967726,2.2153127]
[2,2,2,2,2,2,2,2,2,2,2,2,2,2,2,2,2,2,2,2]
[-0.0393131,0.21007055,2.326328,-0.0417888,0.27295667,2.3310747,-0.052762605,0.61593115,2.3133636,-0.0344742,0.78073764,2.3177764,-0.16899848,0.47700405,2.2575474,-0.19581756,0.49942228,2.0678184,-0.16932036,0.51533943,1.8785206,-0.1467881,0.5227297,1.7172736,0.06891822,0.48864675,2.276689,0.15307565,0.507004,2.1062596,0.09305752,0.5168413,1.9125562,0.08103202,0.52908754,1.7504883,-0.09994052,0.15257996,2.321318,-0.17246392,-0.19027789,2.226081,-0.1586236,-0.46503574,2.3171268,-0.15472704,-0.50451636,2.2486212,0.025878424,0.15495363,2.330805,0.075693056,-0.19662568,2.2409103,0.06403215,-0.47087643,2.297012,0.069784254,-0.51086456,2.2308183]
[2,2,2,2,2,2,2,2,2,2,2,2,2,2,2,2,2,2,2,2]
[-0.03985642,0.2256535,2.3271375,-0.042178176,0.28792253,2.3317528,-0.05256853,0.6234335,2.3145418,-0.034932166,0.79563034,2.3199654,-0.16856697,0.50204706,2.2577734,-0.19941953,0.5193631,2.070942,-0.16850758,0.5335437,1.8837708,-0.14488006,0.54311883,1.7125235,0.06952665,0.50579005,2.2780552,0.14041929,0.5374096,2.1020174,0.092195295,0.53561527,1.9145201,0.08201931,0.5463593,1.7532253,-0.09989913,0.16932634,2.3222563,-0.17158487,-0.17979033,2.2331376,-0.1599565,-0.4599823,2.315969,-0.1554999,-0.49790025,2.2491145,0.024238238,0.17053987,2.3310823,0.073525675,-0.18129401,2.250191,0.059937954,-0.45421728,2.3032794,0.0655379,-0.49452856,2.238465]
[2,2,2,2,2,2,2,2,2,2,2,2,2,2,2,2,2,2,2,2]
[-0.040417694,0.23915154,2.3280776,-0.04306107,0.30287552,2.3330097,-0.054545525,0.63651913,2.3190217,-0.035640977,0.81096864,2.3221867,-0.16842319,0.516088,2.258133,-0.19286461,0.5456046,2.06266,-0.16637653,0.55394614,1.8791138,-0.14371623,0.56449586,1.7094499,0.06989047,0.51677585,2.2793345,0.123526216,0.5640773,2.0810156,0.09089252,0.55807537,1.9014634,0.08251422,0.56461704,1.7562523,-0.099600896,0.18413146,2.3233209,-0.17075789,-0.17148577,2.2390854,-0.16074553,-0.45680767,2.3154764,-0.15589619,-0.49382934,2.2496457,0.022786928,0.18403679,2.3314233,0.07193411,-0.1712973,2.256467,0.057708826,-0.44673097,2.3073258,0.06324054,-0.48717546,2.243259]
[2,2,2,2,2,2,2,2,2,2,2,2,2,2,2,2,2,2,2,2]
[-0.040998172,0.2538974,2.3292277,-0.043915574,0.31947386,2.3344765,-0.055884503,0.6524226,2.32295,-0.03705106,0.84026915,2.3278718,-0.16895102,0.5278599,2.2593527,-0.19366856,0.56407917,2.0665672,-0.16472004,0.5742995,1.8722988,-0.14291741,0.58642054,1.7053787,0.070931114,0.52766126,2.281226,0.11821316,0.5761585,2.0781226,0.09142368,0.5738556,1.9004184,0.08316126,0.5829684,1.7570217,-0.09966264,0.19854303,2.3244123,-0.17029293,-0.16519654,2.2440484,-0.16099325,-0.45452046,2.3163798,-0.15580611,-0.49102625,2.2512066,0.021734621,0.19732109,2.3320804,0.07024969,-0.16402625,2.2614863,0.05468885,-0.4442573,2.3133466,0.060397264,-0.48438716,2.249067]
[2,2,2,2,2,2,2,2,2,2,2,2,2,2,2,2,2,2,2,2]
[-0.0418035,0.26610008,2.330411,-0.04492639,0.33331797,2.3359356,-0.057142485,0.6704166,2.32653,-0.039422095,0.86064225,2.331186,-0.17056505,0.5390221,2.260579,-0.19378677,0.57460856,2.068111,-0.16410097,0.5940785,1.8637921,-0.14265157,0.60650325,1.7036326,0.07147372,0.543812,2.2830403,0.1161288,0.5886545,2.081529,0.09378957,0.6088228,1.888669,0.083737835,0.60581505,1.7541087,-0.10017752,0.21030718,2.3256698,-0.17021376,-0.1576527,2.2510233,-0.16084294,-0.45309278,2.3186252,-0.15539539,-0.48942807,2.2536488,0.020584196,0.20931683,2.332863,0.06818597,-0.15740514,2.266762,0.052203286,-0.44574445,2.31948,0.05801807,-0.4852479,2.2546265]
[2,2,2,2,2,2,2,2,2,2,2,2,2,2,2,2,2,2,2,2]
[-0.043254256,0.27844095,2.3317273,-0.04638444,0.3476646,2.337738,-0.057327434,0.6960339,2.331255,-0.040167514,0.87158185,2.3329315,-0.17316699,0.5552943,2.2641993,-0.18486233,0.6048661,2.0376086,-0.16323537,0.61860055,1.8452805,-0.14354979,0.6271089,1.7054058,0.072799444,0.56069386,2.2845156,0.1217315,0.60552424,2.0907156,0.09495658,0.6265703,1.8894871,0.08388535,0.62683666,1.7531804,-0.1017916,0.22280787,2.327148,-0.17039901,-0.15119918,2.257679,-0.16017613,-0.45268214,2.3234155,-0.15485623,-0.4891486,2.2580416,0.019063665,0.22034717,2.3336346,0.06653819,-0.15145306,2.2721462,0.050415907,-0.4493573,2.32507,0.055896163,-0.48832434,2.2595592]
[2,2,2,2,2,2,2,2,2,2,2,2,2,2,2,2,2,2,2,2]
[-0.04581419,0.2943487,2.3331826,-0.048400607,0.36380783,2.339615,-0.057097323,0.7123038,2.3338892,-0.041628536,0.8872206,2.3345394,-0.1753788,0.5679869,2.2667348,-0.18128566,0.62029946,2.0229661,-0.16362713,0.6439886,1.8353757,-0.14546897,0.64929724,1.7083704,0.07332677,0.5770103,2.2849855,0.10806404,0.6329645,2.0574045,0.09322142,0.6500904,1.8652558,0.0827503,0.6498114,1.7492578,-0.105217956,0.23751117,2.328536,-0.17115882,-0.145213,2.2644207,-0.15802737,-0.452885,2.3316648,-0.15315683,-0.48979142,2.2654545,0.01662498,0.23772624,2.334826,0.06520081,-0.14403622,2.279243,0.04905751,-0.45388478,2.3304884,0.054087907,-0.49251208,2.2643495]
[2,2,2,2,2,2,2,2,2,2,2,2,2,2,2,2,2,2,2,2]
[-0.04711405,0.31196183,2.3349714,-0.04911827,0.38193294,2.3420181,-0.05510766,0.73235023,2.3370235,-0.04315722,0.89810246,2.3341777,-0.17749001,0.5796096,2.2681842,-0.19020784,0.6438943,2.0515072,-0.16708171,0.66615397,1.8705463,-0.14775628,0.67630523,1.7249192,0.07387672,0.6052149,2.2840889,0.101023234,0.6483195,2.0367126,0.087062486,0.6835507,1.8117676,0.08095391,0.66770494,1.7434818,-0.107293606,0.2533656,2.3302925,-0.1723035,-0.13857019,2.272497,-0.15420112,-0.45432875,2.3428857,-0.14991163,-0.49181548,2.2758455,0.015352906,0.25513983,2.3360994,0.06426296,-0.13810553,2.2856572,0.047890592,-0.4584499,2.3361974,0.05246319,-0.49688503,2.2694905]
[2,2,2,2,2,2,2,2,2,2,2,2,2,2,2,2,2,2,2,2]
[-0.047785062,0.32909915,2.3363743,-0.049302198,0.39821273,2.34364,-0.05365916,0.7455646,2.3381197,-0.04487298,0.9072622,2.33281,-0.17961764,0.59295505,2.270285,-0.19186473,0.65954614,2.0499952,-0.16698347,0.675711,1.8726501,-0.15382594,0.70256054,1.7650955,0.07458183,0.62354887,2.2843606,0.09860337,0.6650169,2.0397334,0.08925657,0.70073664,1.8477137,0.08143124,0.69938767,1.7639114,-0.10968785,0.26680484,2.331661,-0.17322427,-0.1339506,2.2790704,-0.15167412,-0.45589927,2.3516595,-0.1477997,-0.4938949,2.284236,0.016720356,0.27641174,2.3375924,0.06344393,-0.1323443,2.2926435,0.04654603,-0.46131775,2.3418717,0.050704356,-0.499737,2.274769]
[2,2,2,2,2,2,2,2,2,2,2,2,2,2,2,2,2,2,2,2]
[-0.048443705,0.3383536,2.3371496,-0.049634717,0.40723032,2.3446033,-0.052602306,0.7540602,2.338913,-0.047108576,0.9140338,2.3310575,-0.1781037,0.624135,2.2748065,-0.19315517,0.66997683,2.0520325,-0.16751637,0.6918597,1.877291,-0.15995532,0.7200554,1.805935,0.07485086,0.63620716,2.2854578,0.10183579,0.6828046,2.0630236,0.089269735,0.71282774,1.8760195,0.0795325,0.7231197,1.7965736,-0.11110278,0.27648208,2.3324506,-0.17375855,-0.13035636,2.285513,-0.14976464,-0.458357,2.3622203,-0.14618656,-0.4968472,2.2946475,0.015947564,0.28680444,2.3384488,0.06290786,-0.1277391,2.2995021,0.04483664,-0.46488047,2.3493211,0.048623264,-0.50337094,2.2819352]
[2,2,2,2,2,2,2,2,2,2,2,2,2,2,2,2,2,2,2,2]
[-0.049560826,0.34855434,2.3375416,-0.05043302,0.4184518,2.3449652,-0.050812524,0.773192,2.337073,-0.050367434,0.9321982,2.322953,-0.17777312,0.6382948,2.2771842,-0.20191109,0.6922679,2.0791829,-0.17129126,0.7093257,1.9011163,-0.16813643,0.73597294,1.858605,0.07491859,0.6459052,2.2866437,0.103794985,0.6941471,2.0857582,0.08947338,0.7227589,1.9118241,0.08213108,0.74211967,1.8600922,-0.11255461,0.28831813,2.3327694,-0.17336708,-0.12696962,2.2940974,-0.14865144,-0.4598857,2.369179,-0.1452591,-0.49872652,2.3016224,0.014493668,0.29601267,2.3390703,0.06248577,-0.12505703,2.3059645,0.043666285,-0.4674569,2.3545263,0.04718592,-0.5060774,2.2870677]
[2,2,2,2,2,2,2,2,2,2,2,2,2,2,2,2,2,2,2,2]
[-0.05122513,0.3590923,2.337511,-0.05172546,0.42902493,2.3447955,-0.05027766,0.7839246,2.3358796,-0.050376914,0.9426143,2.3191261,-0.17640436,0.6592744,2.2795928,-0.20777442,0.703366,2.0897665,-0.17239891,0.72413325,1.9139572,-0.17824152,0.7471804,1.9010736,0.07493653,0.6533265,2.2878063,0.10859571,0.70601463,2.1025531,0.089351356,0.7312274,1.9298732,0.08190721,0.754734,1.8870379,-0.11468579,0.30282715,2.3325884,-0.17220047,-0.12322054,2.3032675,-0.14783777,-0.46146932,2.3754618,-0.14453593,-0.5005657,2.3079922,0.012591292,0.3045004,2.339371,0.06169563,-0.12300362,2.3132582,0.04274998,-0.46942586,2.3593066,0.04611192,-0.5081588,2.2918506]
[2,2,2,2,2,2,2,2,2,2,2,2,2,2,2,2,2,2,2,2]
[-0.0527373,0.36639383,2.3373647,-0.0529442,0.436342,2.3446,-0.050055217,0.79099965,2.3353307,-0.050152488,0.9494191,2.3164062,-0.1758983,0.6697615,2.2809217,-0.21260153,0.712663,2.0972178,-0.17474607,0.73613477,1.9223961,-0.17972255,0.7530817,1.9017373,0.07407497,0.66068506,2.2894282,0.11174702,0.7148761,2.1125176,0.08908053,0.73878145,1.9405758,0.08193362,0.76452196,1.9010406,-0.116293505,0.3119915,2.3323636,-0.16982542,-0.12002303,2.3125608,-0.1473215,-0.46247655,2.3797784,-0.14401872,-0.50171345,2.312376,0.010391873,0.31119815,2.3393385,0.060444955,-0.12187524,2.3213606,0.04197413,-0.47104454,2.363379,0.045301564,-0.509856,2.2959592]
[2,2,2,2,2,2,2,2,2,2,2,2,2,2,2,2,2,2,2,2]
[-0.05368165,0.37082303,2.337282,-0.053725712,0.44087264,2.344553,-0.049774095,0.7981046,2.3355846,-0.05035279,0.9554949,2.3129969,-0.17513172,0.67670417,2.2819357,-0.21870042,0.72134376,2.1040416,-0.17682385,0.7448111,1.9291857,-0.18287191,0.76630867,1.9142491,0.06743757,0.6719596,2.2917979,0.11201023,0.7254472,2.117241,0.08753388,0.7480883,1.9433349,0.07797329,0.7759675,1.8958334,-0.1171482,0.3176264,2.3321924,-0.16667652,-0.11678299,2.3217585,-0.14692175,-0.46313012,2.3829007,-0.14361222,-0.5024316,2.3155446,0.00787665,0.31625414,2.3392167,0.058844045,-0.121671945,2.329483,0.041446213,-0.4723606,2.3666992,0.044768713,-0.5112057,2.2993178]
[2,2,2,2,2,2,2,2,2,2,1,2,2,2,2,2,2,2,2,2]
[-0.05439718,0.3738964,2.337213,-0.05434956,0.44408956,2.3445568,-0.049926806,0.80352736,2.3359916,-0.050455615,0.96001995,2.3109384,-0.17288616,0.68371105,2.2837157,-0.22322088,0.72730094,2.1093295,-0.17900275,0.7564778,1.9360167,-0.1785538,0.78204453,1.9130841,0.062020715,0.6812252,2.2936916,0.11123311,0.73306465,2.1198697,0.087072596,0.7558647,1.9448853,0.07805066,0.7835023,1.893355,-0.11766958,0.3216051,2.3320408,-0.1633633,-0.11509444,2.3296907,-0.14658645,-0.46368527,2.3858347,-0.14337416,-0.50300074,2.3185103,0.005261969,0.32025236,2.339025,0.057093278,-0.122081004,2.336924,0.041222032,-0.47339517,2.36931,0.044431064,-0.5122556,2.3019469]
[2,2,2,2,2,2,1,2,2,2,1,2,2,2,2,2,2,2,2,2]
[-0.054945152,0.37612465,2.3371499,-0.054878496,0.44651878,2.3446138,-0.050858498,0.8097877,2.3371181,-0.04968214,0.9650065,2.3094625,-0.17119442,0.68875736,2.285133,-0.22587013,0.73603934,2.1141639,-0.18012433,0.7643881,1.9380132,-0.1753935,0.78946877,1.904995,0.056114163,0.69038093,2.2957566,0.109930456,0.74032956,2.1225755,0.0865913,0.763104,1.9461626,0.07798662,0.7893001,1.8927068,-0.11789394,0.3245854,2.3318787,-0.16044477,-0.11399772,2.3360882,-0.14639404,-0.46408877,2.3881881,-0.1432268,-0.50338906,2.3208842,0.0029017564,0.3235171,2.3388438,0.054841343,-0.12284231,2.3438694,0.041130688,-0.47440907,2.3719893,0.044278532,-0.5132646,2.3046417]
[2,2,2,2,2,2,1,1,2,2,1,2,2,2,2,2,2,2,2,2]
[-0.05555124,0.37793514,2.336961,-0.055443265,0.44866475,2.3447106,-0.05046806,0.81750745,2.3391175,-0.050279368,0.9690904,2.3083012,-0.16979231,0.6927324,2.2863047,-0.21166922,0.7631767,2.07846,-0.20776373,0.80993444,1.9059281,-0.20866857,0.8297555,1.8658246,0.052770033,0.69551134,2.2969966,0.108474724,0.74871564,2.12568,0.08348535,0.7718552,1.9486294,0.07557875,0.7943742,1.894274,-0.11808834,0.32729122,2.3314528,-0.15794064,-0.11347174,2.3414023,-0.14633884,-0.46456328,2.3904524,-0.14320944,-0.5038085,2.3231394,7.7554444E-4,0.3263207,2.338488,0.052221544,-0.12286842,2.3503075,0.04113694,-0.47513133,2.3741257,0.044236567,-0.51396537,2.3067737]
[2,2,2,1,2,2,1,1,2,2,1,1,2,2,2,2,2,2,2,2]
[-0.056064222,0.37923104,2.3367743,-0.05590194,0.45024815,2.3448603,-0.05012905,0.822917,2.3406465,-0.051137254,0.97273886,2.307898,-0.16823728,0.6963972,2.2876267,-0.21207896,0.77394366,2.0837088,-0.2087092,0.819586,1.906675,-0.20703493,0.836824,1.8618723,0.05017766,0.6991079,2.2979088,0.10750107,0.7570708,2.1288748,0.08012053,0.7795019,1.9512836,0.07233889,0.79865456,1.8961712,-0.11816471,0.3293052,2.3310795,-0.15499681,-0.11408086,2.3473914,-0.14634454,-0.46498275,2.3923228,-0.14328597,-0.5041622,2.3250163,-0.0010732953,0.32848296,2.3381307,0.049595926,-0.123290405,2.3559384,0.04103609,-0.4758982,2.376748,0.04403891,-0.5146908,2.3094106]
[2,2,2,1,2,2,1,1,2,2,1,1,2,2,2,2,2,2,2,2]
[-0.05656582,0.38018894,2.33656,-0.056327138,0.4514823,2.345069,-0.04985461,0.8266155,2.3417726,-0.052685317,0.97709113,2.3097467,-0.16695137,0.7000861,2.289092,-0.21303906,0.7798745,2.089629,-0.20722061,0.8250446,1.9099032,-0.20267646,0.8398403,1.861131,0.04816997,0.7016829,2.2986026,0.09356257,0.7811033,2.1074648,0.102940366,0.8330791,1.9367087,0.10859848,0.85676134,1.8810987,-0.11818232,0.33085537,2.3307078,-0.15200599,-0.11590775,2.3537111,-0.1464717,-0.46552488,2.3940387,-0.1435198,-0.50462675,2.3267329,-0.0027600713,0.3302127,2.3377717,0.0467137,-0.12451264,2.3617182,0.04091343,-0.47659335,2.3793242,0.04377662,-0.5153407,2.3119962]
[2,2,2,1,2,2,1,1,2,2,1,1,2,2,2,2,2,2,2,2]
[-0.057012536,0.38090762,2.3363326,-0.056688637,0.45244884,2.3453345,-0.04956364,0.8291743,2.3426685,-0.054826822,0.9817822,2.3142192,-0.16609444,0.7031977,2.2905881,-0.21444261,0.7831561,2.0962374,-0.20026802,0.82684547,1.9207599,-0.19769043,0.84176016,1.8630567,0.046293966,0.7036287,2.299215,0.09877384,0.7938499,2.1238177,0.08133236,0.83461726,1.9569329,0.09221277,0.85269046,1.8933007,-0.118118435,0.33210358,2.330299,-0.1491486,-0.11826548,2.3598108,-0.14662366,-0.4659991,2.3954551,-0.14380865,-0.5050288,2.3281574,-0.0041791825,0.33164138,2.3374205,0.044240948,-0.12537266,2.3663824,0.040731575,-0.47748724,2.3821251,0.04339355,-0.5161812,2.314803]
[2,2,2,1,2,2,2,1,2,2,2,1,2,2,2,2,2,2,2,2]
[-0.057533655,0.3816882,2.335961,-0.056948524,0.4532352,2.345511,-0.041323297,0.82385325,2.3404152,-0.06457522,0.97883755,2.3415306,-0.16548525,0.70728976,2.292481,-0.21639825,0.7851274,2.103879,-0.19212456,0.82750016,1.9324454,-0.1897024,0.8423468,1.86882,0.044670284,0.7051587,2.2997768,0.09392764,0.8011973,2.1204622,0.098527156,0.8639571,1.9509879,0.116308875,0.8884557,1.8896868,-0.11796126,0.333654,2.3295224,-0.14687686,-0.11978594,2.3643994,-0.14679436,-0.4663833,2.3966327,-0.14414434,-0.50538176,2.329386,-0.0058769765,0.33331814,2.3370457,0.042054642,-0.12622333,2.3703558,0.040597975,-0.47886768,2.3853457,0.04299792,-0.5175739,2.3180916]
[2,2,2,2,2,2,2,1,2,2,1,1,2,2,2,2,2,2,2,2]
[-0.05799467,0.38228607,2.335605,-0.05726439,0.4539166,2.345923,-0.048334602,0.8433793,2.3523984,-0.06435801,0.9856848,2.3418355,-0.16480717,0.7110177,2.2942612,-0.21896681,0.786921,2.1122117,-0.1890862,0.8295107,1.9385694,-0.18323953,0.84382576,1.8761387,0.042203613,0.7067974,2.3004375,0.09163237,0.8054154,2.1195467,0.113254935,0.88081414,1.9481174,0.13441142,0.90750384,1.8891593,-0.117727995,0.33495954,2.3287482,-0.14499068,-0.12094772,2.3682308,-0.14703865,-0.4669095,2.398118,-0.14454582,-0.5057809,2.3308222,-0.007323679,0.33471537,2.336652,0.039875645,-0.12753178,2.374357,0.04081754,-0.48043928,2.388522,0.04299097,-0.5189825,2.3211389]
[2,2,2,1,2,2,1,1,2,2,1,1,2,2,2,2,2,2,2,2]
[-0.058367465,0.3833487,2.3350039,-0.057599884,0.455444,2.3470092,-0.05136875,0.8522621,2.3583674,-0.0645768,0.9916269,2.341763,-0.16295408,0.71685636,2.2960865,-0.22089815,0.7882787,2.1184785,-0.18646207,0.8308692,1.9437242,-0.17743073,0.84469044,1.883183,0.03937594,0.7165921,2.3033626,0.08980287,0.8080064,2.118744,0.122669935,0.8865395,1.942937,0.1445039,0.91304946,1.8853642,-0.116536684,0.33776128,2.326859,-0.14318025,-0.121994965,2.371937,-0.14727424,-0.4674794,2.3998263,-0.14473595,-0.50619787,2.3324366,-0.00850609,0.3369967,2.3360372,0.03779543,-0.1287726,2.3780215,0.041239377,-0.48206365,2.3914003,0.043498326,-0.5204752,2.3239558]
[2,2,2,1,2,2,1,1,2,2,1,1,2,2,2,2,2,2,2,2]
[-0.05869693,0.3847374,2.3342052,-0.058003467,0.457544,2.3485513,-0.053119034,0.8573795,2.3617458,-0.06382041,0.99767715,2.3425884,-0.16129304,0.7220278,2.297448,-0.23198053,0.79308796,2.1328902,-0.18066125,0.8274179,1.9615841,-0.16787477,0.8405036,1.8984658,0.037867874,0.72387695,2.3057158,0.08831267,0.80961585,2.1183372,0.12872858,0.88971925,1.9392473,0.15084425,0.91594946,1.8825545,-0.11540866,0.34047046,2.3250132,-0.14148046,-0.12276555,2.3755362,-0.14747514,-0.4681392,2.4016209,-0.14480796,-0.5067043,2.3341472,-0.009360529,0.339451,2.3352437,0.035724517,-0.13025333,2.3818455,0.04158776,-0.48333234,2.393601,0.044011373,-0.5216555,2.3261397]
[2,2,2,1,2,2,2,1,2,2,1,1,2,2,2,2,2,2,2,2]
[-0.05900859,0.38604948,2.3333895,-0.058452867,0.45950457,2.3502607,-0.05419841,0.860569,2.3638556,-0.063560925,1.002642,2.3434923,-0.16020529,0.7256308,2.2984483,-0.23756704,0.79549223,2.1401124,-0.1774358,0.8265194,1.9710393,-0.16141056,0.8385931,1.9089457,0.037029035,0.72753805,2.3071663,0.087144054,0.8106731,2.1183574,0.13243747,0.89262015,1.9375033,0.15475816,0.91890836,1.8814087,-0.11458026,0.34261075,2.323465,-0.13997722,-0.12321161,2.378862,-0.14749987,-0.46879053,2.403421,-0.14466846,-0.50722396,2.335904,-0.009978182,0.34147233,2.334467,0.033928614,-0.13126276,2.384954,0.041890774,-0.48433533,2.3952818,0.044491857,-0.52259755,2.3278234]
[2,2,2,1,2,2,2,1,2,2,1,1,2,2,2,2,2,2,2,2]
[-0.059529033,0.38811886,2.3322563,-0.059291717,0.46213102,2.3522842,-0.055100888,0.8628696,2.3654287,-0.0634575,1.0067325,2.3442209,-0.16107993,0.7308451,2.2993307,-0.24246155,0.79765964,2.1439497,-0.17472108,0.8260384,1.9769177,-0.15528925,0.8369789,1.9171302,0.036504466,0.73068285,2.308666,0.08611936,0.8112871,2.1186926,0.13494913,0.8944288,1.9363114,0.15718865,0.92033833,1.8806103,-0.11417373,0.34468684,2.3219614,-0.13826068,-0.12200135,2.3828228,-0.14670101,-0.4691627,2.4058669,-0.14343415,-0.5074632,2.338474,-0.010400614,0.34366757,2.3334684,0.031818293,-0.13055149,2.388358,0.04213476,-0.48508584,2.396567,0.04498786,-0.52331674,2.3291488]
[2,2,2,1,2,2,2,1,2,2,1,1,2,2,2,2,2,2,2,2]
[-0.06009471,0.39004517,2.3312304,-0.06019603,0.46442345,2.3542795,-0.055802286,0.86445343,2.3665996,-0.06346632,1.0104319,2.3456247,-0.16168107,0.7341388,2.3000057,-0.24418962,0.7991349,2.1459038,-0.17325543,0.82616377,1.979913,-0.1523213,0.8367466,1.9208307,0.036383707,0.7332976,2.3101406,0.08524357,0.8116341,2.1193662,0.1365547,0.8955098,1.9355353,0.15821971,0.92074376,1.8802001,-0.114006236,0.3464685,2.3205762,-0.13681339,-0.12048079,2.3862689,-0.14555176,-0.46932986,2.4083142,-0.1417886,-0.5075009,2.3410637,-0.0107683055,0.34546232,2.332647,0.02952695,-0.1288062,2.3918006,0.042004563,-0.48563287,2.397845,0.045118127,-0.5237987,2.33038]
[2,2,2,1,2,2,1,1,2,2,1,1,2,2,2,2,2,2,2,2]
[-0.060495205,0.39150363,2.330374,-0.060897693,0.46612102,2.3560362,-0.056404307,0.8655383,2.3675613,-0.063324444,1.0134606,2.3470693,-0.16202272,0.73614573,2.300583,-0.2450704,0.8002456,2.147058,-0.17254339,0.8270273,1.9817464,-0.15066957,0.8374287,1.9235303,0.036305506,0.73480666,2.3111725,0.08445349,0.81189173,2.1204622,0.1375403,0.89651656,1.9352993,0.1583533,0.9214098,1.8805773,-0.113869235,0.3477495,2.3194513,-0.13560052,-0.11838621,2.389401,-0.14356785,-0.4693219,2.4113414,-0.14700705,-0.5213909,2.3788874,-0.010954604,0.34682593,2.331897,0.027539201,-0.12671773,2.394831,0.04169022,-0.4860512,2.3990662,0.053879775,-0.53836447,2.365868]
[2,2,2,1,2,2,1,1,2,2,1,1,2,2,2,2,2,2,2,2]
[-0.060829453,0.39270788,2.3296566,-0.06139245,0.46744156,2.3576055,-0.057031225,0.8662075,2.3683782,-0.06308535,1.0160737,2.3487315,-0.16588905,0.73593134,2.302712,-0.24475679,0.80094844,2.1476226,-0.17180672,0.8280135,1.9830608,-0.14927451,0.8385318,1.925712,0.03636612,0.735706,2.312136,0.083731264,0.8121082,2.1220555,0.13780496,0.89736104,1.9357747,0.15741205,0.92221844,1.8818824,-0.113857575,0.3486898,2.3185112,-0.1346624,-0.11640344,2.3920066,-0.14151983,-0.4691555,2.414018,-0.14907704,-0.52726156,2.39595,-0.011035175,0.34786618,2.3312638,0.025848186,-0.12452813,2.3974645,0.041320626,-0.48633412,2.4001026,0.057986893,-0.54441327,2.3812892]
[2,2,2,1,2,2,1,1,2,2,1,1,2,2,2,2,2,2,2,2]
[-0.06106573,0.39383772,2.3289757,-0.061810777,0.4685256,2.359006,-0.057592902,0.866575,2.3691988,-0.06311188,1.0179925,2.350019,-0.16703677,0.73581403,2.3040795,-0.24351971,0.80116004,2.1480103,-0.17158335,0.82903844,1.98387,-0.14889853,0.8398877,1.9272937,0.037800964,0.7371953,2.314292,0.08314145,0.8123421,2.1239505,0.13676423,0.89732575,1.9364221,0.15430948,0.9216916,1.8830676,-0.11385273,0.3494715,2.317693,-0.13389969,-0.11460361,2.394198,-0.13964853,-0.4690367,2.4162648,-0.15007411,-0.52998304,2.4040086,-0.01095851,0.34893495,2.3304791,0.024558907,-0.12261525,2.399552,0.040956352,-0.48653162,2.4009583,0.05955836,-0.54740906,2.3885875]
[2,2,2,1,2,2,1,1,2,2,1,1,2,2,2,2,2,2,2,2]
[-0.06123142,0.39484808,2.328359,-0.062169194,0.46936816,2.3602428,-0.058144167,0.8665547,2.3700762,-0.06320283,1.0198319,2.352262,-0.16788214,0.73542786,2.3052404,-0.23953207,0.8012854,2.1461513,-0.17168416,0.8307932,1.9830323,-0.14935797,0.8420641,1.927267,0.0395371,0.7389174,2.3169026,0.082631394,0.81264937,2.1262903,0.13516404,0.8969165,1.9373711,0.15081276,0.9207873,1.8843657,-0.11387337,0.35009873,2.3169754,-0.13336436,-0.11315641,2.3958647,-0.13803749,-0.46893674,2.4181018,-0.1506761,-0.53170055,2.4091172,-0.010772725,0.34990847,2.3296885,0.023617366,-0.121119455,2.4010725,0.04045727,-0.48665592,2.4017668,0.060677025,-0.5492416,2.39317]
[2,2,2,1,2,2,1,1,2,2,1,1,2,2,2,2,2,2,2,2]
[-0.06134477,0.39563376,2.3278687,-0.062454116,0.4699805,2.361347,-0.058661956,0.8661759,2.370945,-0.06340837,1.021261,2.3547566,-0.1684186,0.73411196,2.306622,-0.23665498,0.80128825,2.1451018,-0.1720246,0.8322683,1.9822315,-0.15023883,0.8439897,1.9270675,0.04078292,0.7397087,2.3191366,0.082195766,0.81288135,2.1283784,0.13321023,0.89646727,1.9388648,0.1473916,0.9201256,1.8861145,-0.11387766,0.35055655,2.316374,-0.13300404,-0.11188296,2.397158,-0.13671881,-0.46880552,2.4195082,-0.13708408,-0.517799,2.3820853,-0.01058846,0.3506598,2.3290434,0.02293512,-0.1199613,2.4021673,0.039959054,-0.48673108,2.402468,0.061527144,-0.55036575,2.396268]
[2,2,2,1,2,2,1,1,2,2,1,1,2,2,2,2,2,2,2,2]
[-0.06142364,0.39625898,2.3274744,-0.06270279,0.47042072,2.3623526,-0.059153456,0.86559504,2.3719406,-0.06354326,1.0223068,2.3570971,-0.1686196,0.73278534,2.3078928,-0.23463465,0.80121106,2.1446269,-0.17245856,0.83344024,1.9816148,-0.15128939,0.8455921,1.926897,0.04177115,0.74041426,2.3213618,0.081868686,0.8131166,2.1303427,0.13134624,0.8958256,1.9404879,0.14452864,0.91932666,1.8877981,-0.11388285,0.35091352,2.3158538,-0.13276154,-0.11088729,2.3981166,-0.13569713,-0.4686632,2.4205601,-0.12990765,-0.51027,2.3674467,-0.010414608,0.3512591,2.3285122,0.022429215,-0.11905659,2.4029484,0.0394039,-0.48676458,2.4031346,0.06217042,-0.55061024,2.397781]
[2,2,2,1,2,2,1,1,2,2,1,1,2,2,2,2,2,2,2,2]
[-0.06146393,0.3967503,2.327171,-0.062922575,0.47070867,2.3633301,-0.059696596,0.86454916,2.3733647,-0.06382504,1.0229561,2.3598819,-0.16792497,0.73236763,2.309119,-0.23310864,0.8011243,2.1442928,-0.17289995,0.8345177,1.9810187,-0.15233018,0.84708685,1.9266734,0.04277429,0.741171,2.3237402,0.08151382,0.8133673,2.1323104,0.12917455,0.8950218,1.9421847,0.14150958,0.91837376,1.8894202,-0.11384249,0.35119286,2.31545,-0.13259867,-0.11027699,2.398807,-0.13489923,-0.46851414,2.4213448,-0.12616278,-0.50641966,2.3601267,-0.010250459,0.35173818,2.3280797,0.022067698,-0.11836887,2.4035015,0.03884746,-0.48676524,2.40372,0.062468562,-0.5502875,2.3981159]
[2,2,2,1,2,2,1,1,2,2,1,1,2,2,2,2,2,2,2,2]
[-0.061484687,0.3971529,2.3269358,-0.06307877,0.47090268,2.3643131,-0.0602859,0.86354625,2.3750484,-0.06404185,1.0233719,2.3622446,-0.16747318,0.7314614,2.310533,-0.23296094,0.8006433,2.1461294,-0.17350592,0.8351208,1.9815177,-0.15339497,0.8479114,1.9278249,0.043589413,0.74183345,2.325851,0.08116997,0.81359595,2.1340506,0.12705064,0.8942062,1.9437804,0.13875882,0.9174475,1.890858,-0.113806516,0.35140425,2.3151245,-0.13248947,-0.10982524,2.3993149,-0.13427997,-0.4683755,2.421926,-0.12410273,-0.5041886,2.3559391,-0.010091857,0.35211977,2.3277295,0.021800186,-0.11785648,2.403898,0.03833284,-0.48674545,2.4042199,0.062668465,-0.54945207,2.3974793]
[2,2,2,1,2,2,1,1,2,2,1,1,2,2,2,2,2,2,2,2]
[-0.061485704,0.39749214,2.326761,-0.06318905,0.4710297,2.365344,-0.060877703,0.8626374,2.3769536,-0.06418341,1.0236305,2.3644397,-0.16714205,0.73062956,2.3118944,-0.23279287,0.8001876,2.147833,-0.17419511,0.8356089,1.9820169,-0.15459734,0.84857786,1.9288572,0.044115428,0.7420225,2.3275228,0.08081367,0.81383383,2.1360168,0.073954634,0.87221336,1.9618655,0.06849582,0.88945603,1.9093515,-0.11377096,0.35156587,2.3148596,-0.13242587,-0.10945576,2.3997035,-0.13370189,-0.46826088,2.4224615,-0.122689165,-0.5027863,2.3533828,-0.009937331,0.35243738,2.3274682,0.021586526,-0.11737391,2.4041655,0.037750438,-0.48664516,2.404713,0.047806088,-0.53307164,2.3623798]
[2,2,2,1,2,2,1,1,2,2,1,1,2,2,2,2,2,2,2,2]
[-0.06147912,0.3977871,2.3266397,-0.063285485,0.4711286,2.3664255,-0.061431862,0.8619737,2.3786964,-0.06432147,1.0237923,2.3660476,-0.16680911,0.7299878,2.3131208,-0.23267676,0.79975224,2.149396,-0.17492221,0.8359948,1.9825355,-0.15582849,0.84910154,1.9298114,0.04440741,0.7420817,2.3288565,0.08049833,0.8140358,2.1376276,0.05211124,0.86309403,1.9693196,0.036757886,0.87663865,1.9176913,-0.113731936,0.35171095,2.3146553,-0.13238247,-0.10921664,2.399999,-0.13316852,-0.46814242,2.4229481,-0.121671356,-0.5017761,2.3515668,-0.009812985,0.35271162,2.327284,0.021429872,-0.11698328,2.4043424,0.037213393,-0.48654512,2.4051366,0.047147047,-0.5325783,2.3621337]
[2,2,2,1,2,2,1,1,2,2,1,1,2,2,2,2,2,2,2,2]
[-0.061489813,0.3979542,2.3265693,-0.06342338,0.47099534,2.3676815,-0.061832584,0.8612908,2.3803244,-0.065283746,1.023641,2.3674884,-0.16660918,0.7292128,2.3143046,-0.23262638,0.7993248,2.1508665,-0.17563932,0.8363065,1.9831039,-0.15698898,0.8495261,1.9307358,0.04456532,0.7420602,2.3300595,0.08022321,0.8141962,2.1389887,0.040522344,0.8581694,1.9733618,0.021663204,0.8704292,1.9217544,-0.11378087,0.35173455,2.314591,-0.13235824,-0.10903734,2.4002237,-0.13272002,-0.46801198,2.4233491,-0.121069826,-0.50111735,2.350459,-0.00972344,0.3528664,2.3271441,0.021310145,-0.11666549,2.404452,0.036746297,-0.48645058,2.405493,0.046454586,-0.5344494,2.3657687]
[2,2,2,1,2,2,1,1,2,2,1,1,2,2,2,2,2,2,2,2]
[-0.061487205,0.39808536,2.3265445,-0.063514136,0.47081146,2.3689556,-0.062219195,0.86075956,2.3817115,-0.06746002,1.0232494,2.369029,-0.16644643,0.7281407,2.3155117,-0.23262359,0.79897,2.152072,-0.17631727,0.8365734,1.9836493,-0.15804036,0.8498889,1.9315561,0.0446276,0.741932,2.3311393,0.079994895,0.8143615,2.1402082,0.033403054,0.855143,1.9759089,0.012395624,0.86665744,1.9242905,-0.11381913,0.3517223,2.31459,-0.13236512,-0.1089246,2.4004045,-0.13233745,-0.4678898,2.4236841,-0.120845415,-0.5007949,2.3500278,-0.009610368,0.35298112,2.327048,0.021224745,-0.11636632,2.4045043,0.03628941,-0.48629668,2.4058344,0.041452326,-0.528662,2.35376]
[2,2,2,1,2,2,1,1,2,2,1,1,2,2,2,2,2,2,2,2]
[-0.06148948,0.39822388,2.3265967,-0.063642465,0.47066778,2.3702707,-0.062691025,0.86029184,2.382969,-0.06853916,1.0230031,2.3701637,-0.16651043,0.72718614,2.3165555,-0.23250729,0.7987296,2.1528587,-0.17683709,0.8367945,1.9840224,-0.15887886,0.8501895,1.9321206,0.044646062,0.74174684,2.3320203,0.079784915,0.81449026,2.1412106,0.028325096,0.8530038,1.9777155,0.0059557483,0.86395204,1.9260842,-0.113903426,0.35170147,2.314666,-0.13238572,-0.10882853,2.400548,-0.13202238,-0.4677832,2.4239502,-0.13768506,-0.51592815,2.3828013,-0.009490108,0.35307297,2.326992,0.021155633,-0.11607219,2.404517,0.03582418,-0.4860735,2.4061718,0.050249532,-0.5320605,2.3684814]
[2,2,2,1,2,2,1,1,2,2,1,1,2,2,2,2,2,2,2,2]
[-0.06149784,0.39831826,2.3267276,-0.06376462,0.47046402,2.371614,-0.06308096,0.8599644,2.38405,-0.069314,1.0228224,2.3710952,-0.1666625,0.72637814,2.3175135,-0.23241888,0.79853785,2.1534815,-0.17729874,0.83702505,1.9843795,-0.15959813,0.8505081,1.9326273,0.044612996,0.741536,2.3327549,0.07960103,0.81460154,2.1420925,0.025020283,0.85151523,1.9789712,0.0028657545,0.8623852,1.9271005,-0.114127554,0.35156512,2.3150136,-0.13242403,-0.1087522,2.4006653,-0.13171698,-0.46767232,2.4242072,-0.14614643,-0.5233278,2.3993766,-0.009351236,0.3531161,2.326965,0.02110439,-0.115814224,2.4045053,0.035427026,-0.48587683,2.4064617,0.055003025,-0.5345761,2.3772862]
[2,2,2,1,2,2,1,1,2,2,1,1,2,2,2,2,2,2,2,2]
[-0.061497018,0.3984272,2.3269901,-0.06385139,0.47032,2.3730032,-0.06337176,0.8597704,2.3849816,-0.070199884,1.0225995,2.3717284,-0.16688922,0.72561985,2.3183496,-0.23236977,0.7983936,2.1540365,-0.17774287,0.83723855,1.98475,-0.16025122,0.85079044,1.9331062,0.04455913,0.7413232,2.3333664,0.079453446,0.81469667,2.1428952,0.023498747,0.8506649,1.9797304,0.0028266828,0.86185926,1.9274716,-0.11436784,0.35143426,2.3154507,-0.13247478,-0.1086813,2.4007654,-0.13145933,-0.46758494,2.42442,-0.15011029,-0.5268363,2.407196,-0.009164738,0.3531443,2.327019,0.021064047,-0.115618035,2.4044888,0.035093024,-0.48569563,2.4067183,0.057606604,-0.5361845,2.3823369]
[2,2,2,1,2,2,1,1,2,2,1,1,2,2,2,2,2,2,2,2]
[-0.06146787,0.3987363,2.327575,-0.06385805,0.4704108,2.374572,-0.06362975,0.85968405,2.3857706,-0.07090928,1.0224179,2.3721445,-0.16842763,0.7246723,2.3197036,-0.23225363,0.7984038,2.154219,-0.17804113,0.8374473,1.9848346,-0.16071066,0.8510434,1.9332362,0.044501316,0.7411338,2.3338664,0.07933317,0.8147832,2.1436555,0.023473669,0.8503413,1.9801124,0.0049117254,0.8620591,1.9274324,-0.11463371,0.35134873,2.316028,-0.13253064,-0.10862217,2.400851,-0.13118498,-0.46750668,2.424654,-0.1524287,-0.5288833,2.4118147,-0.008850845,0.35321537,2.3272421,0.021035276,-0.11544334,2.4044647,0.034807663,-0.4855576,2.4069328,0.0467181,-0.528712,2.361658]
[2,2,2,1,2,2,1,1,2,2,1,1,2,2,2,2,2,2,2,2]
