Enregistrement d'un squelette Kinect
[-0.14117357,0.3105341,2.3761382,-0.15226403,0.35622782,2.3445199,-0.16812603,0.5636406,2.2387223,-0.2031944,0.72621,2.0695198,-0.26003325,0.57172376,2.236244,-0.25540507,0.55272,2.0035255,-0.27121207,0.5203736,1.7103361,-0.27910316,0.5140472,1.6374477,-0.044428866,0.59536004,2.2709186,-0.027773617,0.5744737,1.9830518,-0.084117055,0.54383254,1.7026815,-0.093181215,0.5420673,1.632159,-0.18872122,0.256154,2.38814,-0.1961406,-0.1393397,2.441084,-0.19094212,-0.4774252,2.4196053,-0.21749432,-0.54249144,2.3897605,-0.07306705,0.27032158,2.4129736,-0.06567607,-0.13289474,2.4310045,-0.06958033,-0.48315147,2.3854063,-0.061246034,-0.5467533,2.3434443]
[2,2,2,2,2,1,2,2,2,2,2,2,2,2,2,2,2,2,2,2]
[-0.14140846,0.30714473,2.3762345,-0.15103473,0.35227242,2.3455002,-0.16565715,0.5702236,2.2276917,-0.19799466,0.7265745,2.0662844,-0.2553767,0.56967974,2.2239633,-0.25072902,0.5501613,1.9903828,-0.26892042,0.5090254,1.6964321,-0.27757078,0.50493175,1.63635,-0.04387144,0.5917759,2.270485,-0.028622711,0.5692414,1.9787308,-0.08534261,0.53641665,1.6984679,-0.093081795,0.5338046,1.6284275,-0.18909459,0.25336134,2.3876295,-0.19638781,-0.14006881,2.435745,-0.19128537,-0.47789162,2.4189928,-0.21773365,-0.543367,2.3897023,-0.075323164,0.26674938,2.4132712,-0.06638972,-0.13913271,2.422664,-0.06901205,-0.48334464,2.385013,-0.061687827,-0.54721683,2.3433347]
[2,2,2,2,2,1,2,2,2,2,2,2,2,2,2,2,2,2,2,2]
[-0.141479,0.30451337,2.3762503,-0.14996444,0.34944734,2.3460605,-0.16272135,0.576232,2.217852,-0.1932302,0.72709274,2.0614772,-0.25207242,0.569302,2.215543,-0.24707499,0.54906327,1.9803343,-0.26688883,0.49780518,1.68771,-0.27601087,0.49522698,1.6357884,-0.042323302,0.58690864,2.270271,-0.00730354,0.5822901,2.0084116,-0.08117681,0.5376918,1.7197757,-0.092825696,0.5256384,1.6253904,-0.18936236,0.25132138,2.38726,-0.1966637,-0.14068386,2.4291887,-0.19187604,-0.47859007,2.4180968,-0.2197056,-0.54522,2.3913465,-0.076909505,0.26415607,2.4133742,-0.06691567,-0.14620675,2.4141264,-0.06865723,-0.48359975,2.3846343,-0.06199137,-0.54776555,2.3432095]
[2,2,2,2,2,1,2,2,2,2,1,2,2,2,2,2,2,2,2,2]
[-0.14163293,0.30216214,2.3760514,-0.14927253,0.34733033,2.3461754,-0.16646287,0.5860806,2.199944,-0.18917169,0.7283943,2.0556352,-0.24904703,0.5700626,2.2080834,-0.24682444,0.5478517,1.9735653,-0.2660629,0.48946074,1.6827015,-0.27472916,0.48555154,1.6354444,-0.039739553,0.5808491,2.2703073,-0.0032008663,0.58256614,2.012196,-0.07562885,0.5286224,1.7281215,-0.09264904,0.5169218,1.6234756,-0.18962736,0.24968705,2.3869019,-0.19699384,-0.1413177,2.4195597,-0.19283958,-0.47974166,2.4166746,-0.22135583,-0.547182,2.3921914,-0.0783237,0.26192063,2.413272,-0.066853076,-0.15381272,2.4052773,-0.068222664,-0.4839389,2.3842838,-0.062332902,-0.5483648,2.3430712]
[2,2,2,2,2,1,2,2,2,2,2,2,2,2,2,2,2,2,2,2]
[-0.14214733,0.29932222,2.375587,-0.1490086,0.34521893,2.3458467,-0.1706416,0.59012043,2.1905367,-0.18648314,0.7284014,2.0505176,-0.24653488,0.57085705,2.202268,-0.24734081,0.54681885,1.9685683,-0.26568326,0.48233926,1.6798671,-0.27370328,0.47496754,1.6349237,-0.03742368,0.5754707,2.270178,1.3810978E-4,0.5819914,2.0152986,-0.07141135,0.52189285,1.7351993,-0.092017986,0.5079245,1.6220913,-0.19002219,0.24810377,2.386447,-0.19675474,-0.15777087,2.3996174,-0.1939793,-0.48118114,2.4151094,-0.22297737,-0.5492174,2.392713,-0.0801229,0.2590315,2.4129524,-0.0666491,-0.16034873,2.3973467,-0.067924775,-0.48431075,2.3839788,-0.06253709,-0.5489414,2.3429048]
[2,2,2,2,2,1,2,2,2,2,2,2,2,2,2,2,2,2,2,2]
[-0.14243616,0.29139036,2.3744764,-0.14783572,0.33884245,2.3446825,-0.16171905,0.5814755,2.1906266,-0.18394989,0.7249251,2.049574,-0.24243666,0.55879277,2.2078693,-0.25394008,0.5320318,1.9747887,-0.26607195,0.46942377,1.6935277,-0.27261314,0.46460298,1.6345392,-0.034020513,0.5658303,2.27094,-0.0037370413,0.5662733,2.0370216,-0.06864389,0.5092894,1.7595495,-0.09142106,0.49859062,1.6210748,-0.19152614,0.24044503,2.3844721,-0.19648279,-0.16095057,2.3863103,-0.19548896,-0.48451126,2.4127083,-0.22503123,-0.55269545,2.3918004,-0.08219058,0.2516653,2.4123864,-0.06640736,-0.16792053,2.3883996,-0.067728296,-0.4847031,2.3836665,-0.06256942,-0.5495976,2.3428125]
[2,2,2,2,2,1,2,2,2,2,2,2,2,2,2,2,2,2,2,2]
[-0.14290604,0.28570268,2.3729556,-0.14776178,0.33386597,2.3421748,-0.1778215,0.5795804,2.16766,-0.18280064,0.7207977,2.043519,-0.2545296,0.55547553,2.1980755,-0.2803928,0.52367914,1.9641154,-0.26820287,0.45965862,1.6895313,-0.27191326,0.45399377,1.6342219,-0.034467034,0.5554412,2.2660668,-0.0059628636,0.55876905,2.041675,-0.068766214,0.50288963,1.7658587,-0.09126628,0.4898393,1.6198093,-0.19283105,0.23489004,2.3829157,-0.19751774,-0.16202424,2.37606,-0.19724108,-0.48926863,2.4102743,-0.22756058,-0.5571528,2.389364,-0.08334194,0.24628498,2.4116054,-0.066221714,-0.17477053,2.3792603,-0.06766143,-0.48525965,2.3831527,-0.057095997,-0.5526795,2.346714]
[2,2,2,2,1,1,2,2,2,2,2,2,2,2,2,2,2,2,2,2]
[-0.14411613,0.2806399,2.3705719,-0.14931814,0.3287605,2.338201,-0.18846704,0.5753722,2.1578686,-0.18210237,0.717782,2.03933,-0.2667143,0.5510681,2.1912735,-0.29943103,0.5162182,1.9582349,-0.27048603,0.44946155,1.6870837,-0.2715771,0.44329664,1.6337153,-0.034661792,0.5476886,2.262901,-0.009637112,0.5503722,2.0435655,-0.06970809,0.49535695,1.7693872,-0.09150931,0.47729665,1.6210783,-0.1960444,0.22807312,2.3804522,-0.19991885,-0.16267878,2.3666573,-0.19877265,-0.49385595,2.4078367,-0.23002812,-0.5613056,2.387247,-0.0837503,0.24108393,2.4106076,-0.06547492,-0.183461,2.3667853,-0.0687991,-0.48648214,2.381797,-0.043006264,-0.5547186,2.3619282]
[2,2,2,2,1,1,2,2,2,2,2,2,2,2,2,2,2,2,2,2]
[-0.14571232,0.2753958,2.3675368,-0.15191495,0.32353586,2.3336377,-0.20096722,0.57074124,2.1519725,-0.18197371,0.7047941,2.032838,-0.28085274,0.5468372,2.1857827,-0.31610158,0.51040995,1.9541157,-0.27252576,0.44091728,1.6858203,-0.27092388,0.43124494,1.6333427,-0.034623057,0.54072785,2.260844,-0.012066754,0.54387033,2.0443091,-0.070327334,0.4881503,1.7711978,-0.091584586,0.46683106,1.6213225,-0.1997107,0.22013237,2.3779366,-0.20324355,-0.16435024,2.3564246,-0.20004089,-0.4981392,2.405273,-0.23252009,-0.56507564,2.3859751,-0.08184784,0.23177807,2.4087112,-0.06519457,-0.19042413,2.3553374,-0.0727873,-0.48818848,2.3775296,-0.035852894,-0.5534744,2.3711433]
[2,2,2,2,1,1,2,2,2,2,2,2,2,2,2,2,2,2,2,2]
[-0.14910209,0.26897693,2.3618689,-0.1578053,0.31670177,2.3247721,-0.21848413,0.56446224,2.1379051,-0.18164085,0.69426036,2.0294724,-0.2989833,0.5419698,2.17317,-0.33367193,0.5049546,1.9437723,-0.27425328,0.42711848,1.677551,-0.2702615,0.4181084,1.6335624,-0.026599925,0.5191206,2.2670534,-0.0033184113,0.5288229,2.031535,-0.057107333,0.4640845,1.7580658,-0.09088861,0.45535704,1.6210737,-0.20607448,0.21050231,2.373944,-0.20682617,-0.17223948,2.3433108,-0.20097625,-0.50082165,2.402015,-0.2339009,-0.5676998,2.386338,-0.07960933,0.22220343,2.406748,-0.06552266,-0.19663088,2.343918,-0.077641,-0.48875627,2.3711476,-0.03282467,-0.552311,2.3756235]
[2,2,2,2,1,1,2,2,2,2,2,2,2,2,2,2,2,2,2,2]
[-0.1531361,0.26219994,2.3561985,-0.16354176,0.3106398,2.3174617,-0.2291763,0.5612722,2.1301627,-0.18053532,0.6808362,2.028216,-0.31227398,0.53898257,2.1642556,-0.34603745,0.5017093,1.9363315,-0.27491942,0.410291,1.673761,-0.2691481,0.40190673,1.6333293,-0.02344399,0.5066761,2.2693706,-0.005868784,0.5121544,2.033764,-0.05483359,0.45540312,1.7582022,-0.0902005,0.44305456,1.6200691,-0.21186414,0.20224029,2.3713698,-0.20891333,-0.17594515,2.3323534,-0.2016062,-0.5035987,2.399424,-0.23603994,-0.57019603,2.387161,-0.0774114,0.21019387,2.4033906,-0.06545603,-0.20074284,2.3343291,-0.08251715,-0.48888198,2.364121,-0.03128562,-0.55017465,2.379]
[2,2,2,2,1,1,2,2,2,2,1,2,2,2,2,2,2,2,2,2]
[-0.15466256,0.25290814,2.3509696,-0.16543488,0.3006454,2.3101876,-0.22070587,0.5351703,2.109116,-0.17950319,0.67175806,2.0279856,-0.31382367,0.5236985,2.1477106,-0.34642184,0.48652044,1.920194,-0.26663986,0.37842786,1.6513948,-0.2676511,0.38374022,1.6342553,-0.027330764,0.5222909,2.2391777,0.013388589,0.50033844,2.018363,-0.048331946,0.43806592,1.750884,-0.08913544,0.42778927,1.6197172,-0.21399766,0.19380085,2.369414,-0.20964508,-0.2087867,2.3127809,-0.20203958,-0.5063279,2.3968263,-0.23917368,-0.5721608,2.3892686,-0.07614985,0.20307665,2.4013188,-0.06657241,-0.2081523,2.3193986,-0.088840395,-0.4963,2.3380442,-0.032165904,-0.5462101,2.3807223]
[2,2,2,2,1,1,2,2,2,2,2,2,2,2,2,2,2,2,2,2]
[-0.15532005,0.2472902,2.3473454,-0.16644639,0.2949586,2.3059134,-0.22511482,0.5261362,2.1056411,-0.17718643,0.6595769,2.0297968,-0.31963214,0.5159115,2.1419911,-0.35140535,0.47927728,1.9148519,-0.26440132,0.36139488,1.651691,-0.2662438,0.36786336,1.6343362,-0.032510318,0.5693808,2.1949606,0.04281279,0.4784087,2.015539,-0.0447045,0.43065414,1.7500288,-0.087624766,0.41136384,1.6208099,-0.21453425,0.18724394,2.3676324,-0.20990087,-0.22188509,2.3047316,-0.20229685,-0.5087258,2.3944397,-0.2424771,-0.573288,2.3919833,-0.07473194,0.19850074,2.399396,-0.067903675,-0.21448061,2.3070064,-0.09184375,-0.50029373,2.3279002,-0.032975078,-0.54303885,2.3816643]
[2,2,2,2,1,1,2,2,2,2,1,2,2,2,2,2,2,2,2,2]
[-0.14874862,0.22943826,2.3445797,-0.15500297,0.26708925,2.308579,-0.2000964,0.4801947,2.1508563,-0.17281939,0.63888323,2.0374398,-0.29771757,0.46551728,2.1765857,-0.32705927,0.4297214,1.9489067,-0.26500618,0.34513152,1.6781741,-0.26625124,0.35812593,1.6332316,-0.03371236,0.5935197,2.1711519,0.057513446,0.46425176,2.017288,-0.042642817,0.419816,1.7575048,-0.085989505,0.39551404,1.6228958,-0.19970609,0.15493722,2.364031,-0.21090142,-0.22975618,2.2994132,-0.20237437,-0.5108486,2.3919098,-0.2445676,-0.5737538,2.3935091,-0.070845395,0.18810354,2.3971686,-0.06993415,-0.22081308,2.2952194,-0.094066374,-0.5029765,2.3228798,-0.03391901,-0.5400018,2.3944116]
[2,2,2,2,1,1,2,1,2,2,2,2,2,2,2,1,2,2,2,2]
[-0.14503512,0.21244167,2.3433332,-0.15108013,0.252683,2.3097878,-0.19398133,0.46162906,2.168879,-0.1690738,0.622959,2.039757,-0.2933271,0.4492397,2.1862497,-0.32187095,0.41383848,1.9583044,-0.2609993,0.3151586,1.7030821,-0.26422253,0.32981595,1.6402172,-0.039649576,0.59958494,2.1641257,0.058751535,0.45005918,2.0239027,-0.0424148,0.41275537,1.7630532,-0.08416006,0.38153803,1.6239688,-0.1938844,0.13985458,2.3624828,-0.21251622,-0.23577219,2.295161,-0.20214033,-0.51269007,2.3888934,-0.24855176,-0.57184386,2.3959787,-0.06930777,0.1736298,2.3939874,-0.071471795,-0.22570914,2.286043,-0.09574758,-0.5051631,2.3199465,-0.034441017,-0.5384281,2.4020262]
[2,2,2,2,1,1,2,2,2,1,2,2,2,2,2,2,2,2,2,2]
[-0.1432788,0.19138254,2.345303,-0.14948247,0.23163268,2.3151891,-0.18844551,0.43033242,2.1982853,-0.16568619,0.5966977,2.0490806,-0.28820354,0.42325073,2.2054307,-0.3160268,0.3883352,1.9769977,-0.26143113,0.30103207,1.718565,-0.2635353,0.3131524,1.6446517,-0.04604129,0.5715959,2.1858168,0.023905406,0.44151747,2.0227194,-0.04578024,0.40523297,1.7663528,-0.08227636,0.36875847,1.6236708,-0.1912504,0.123129204,2.3619416,-0.21669008,-0.24433304,2.2894733,-0.20175579,-0.51415163,2.3857543,-0.25087333,-0.5705624,2.3971653,-0.07018338,0.15256618,2.3938906,-0.07249191,-0.22937539,2.2787526,-0.0969035,-0.50701886,2.3187585,-0.034654703,-0.53758997,2.4067879]
[2,2,2,2,1,1,2,2,1,2,2,2,2,2,2,1,2,2,2,2]
[-0.1426717,0.17940481,2.3455124,-0.14922297,0.22076635,2.3165753,-0.19325659,0.42320052,2.1962104,-0.16335157,0.5831492,2.04945,-0.2878671,0.413056,2.209218,-0.31533855,0.378279,1.980667,-0.26184258,0.29258385,1.7216547,-0.26368418,0.30032414,1.6484002,-0.051879354,0.5520343,2.1930296,0.0035258913,0.43633136,2.0136533,-0.04894461,0.3975109,1.7664058,-0.080381006,0.3569471,1.6236928,-0.18994522,0.113570414,2.361345,-0.2207077,-0.25041276,2.2846723,-0.19966675,-0.51764005,2.3761876,-0.2589759,-0.5479133,2.3936853,-0.07082649,0.13965651,2.3929725,-0.07326828,-0.23263876,2.2714365,-0.0975881,-0.50847673,2.3191767,-0.036615826,-0.5349223,2.4030278]
[2,2,2,2,1,1,2,2,2,2,2,2,2,2,2,1,2,2,2,2]
[-0.14210343,0.1686271,2.3455484,-0.1492025,0.21104646,2.317416,-0.1928397,0.41248044,2.2012672,-0.1625246,0.57414865,2.0495863,-0.28769687,0.40340042,2.2126691,-0.31495354,0.3686728,1.9840214,-0.26325127,0.28693768,1.72344,-0.26402193,0.29190424,1.6510141,-0.05493573,0.53909594,2.1932147,-0.00865075,0.4313765,2.0043163,-0.05208924,0.38865265,1.7637148,-0.07875923,0.3473712,1.6232221,-0.18856308,0.10322782,2.3603106,-0.22580652,-0.25869143,2.277439,-0.19811943,-0.52335477,2.3666675,-0.21396613,-0.5698247,2.33131,-0.071325,0.12800294,2.3924594,-0.07336547,-0.2368003,2.2628543,-0.09774904,-0.5099538,2.3208387,-0.037870575,-0.5332228,2.399378]
[2,2,2,2,1,1,2,2,2,2,2,2,2,2,2,1,2,2,2,2]
[-0.14165159,0.16014147,2.3452601,-0.14925644,0.20377403,2.317589,-0.19456333,0.40761065,2.2005553,-0.16191319,0.56842816,2.0497828,-0.2876253,0.39704302,2.2148137,-0.3147649,0.3623294,1.9860862,-0.26495975,0.28338036,1.7231535,-0.2641866,0.2847337,1.6522028,-0.05664684,0.5294439,2.1928868,-0.015183851,0.4280043,1.998854,-0.054646313,0.38015375,1.7600797,-0.07763754,0.33839723,1.6211969,-0.18766859,0.09530991,2.359341,-0.23053527,-0.2655291,2.2696865,-0.19713947,-0.5274644,2.3595688,-0.19113393,-0.5824818,2.297885,-0.071585946,0.119584195,2.3917043,-0.07419147,-0.2415549,2.2540846,-0.09740649,-0.5114492,2.3235598,-0.037887957,-0.532558,2.3949263]
[2,2,2,2,1,1,2,2,2,2,2,2,2,2,2,1,2,2,2,2]
[-0.14011382,0.13672066,2.346357,-0.14762379,0.17717755,2.3205523,-0.187958,0.38186824,2.2094922,-0.16491102,0.54358643,2.0617745,-0.28275046,0.37405357,2.224673,-0.3099745,0.3392131,1.995908,-0.2659889,0.27750406,1.7260814,-0.2646279,0.27696735,1.6527116,-0.048412386,0.49152866,2.2080152,-0.03416733,0.4185345,1.9857379,-0.055782195,0.37164387,1.7589945,-0.07760042,0.3278628,1.6133914,-0.18810908,0.07027512,2.3563972,-0.23362948,-0.26523697,2.262676,-0.1959955,-0.5149313,2.350927,-0.22310269,-0.552921,2.354317,-0.07007773,0.091029026,2.3935223,-0.07592155,-0.251419,2.2418404,-0.097262315,-0.5145416,2.326205,-0.027760535,-0.52544075,2.3647606]
[2,2,2,2,1,1,2,2,1,1,2,2,2,2,2,2,2,2,2,2]
[-0.1441452,0.09433108,2.349653,-0.1487894,0.14220458,2.3243597,-0.18317702,0.3689651,2.2135541,-0.1670737,0.5297019,2.0661247,-0.27836293,0.35914886,2.2306721,-0.30567518,0.32424387,2.0018864,-0.266907,0.27294484,1.7279903,-0.2653427,0.2694629,1.6521951,-0.027011368,0.37353617,2.269796,-0.027871221,0.38308945,2.0193548,-0.05206487,0.33885753,1.7781724,-0.07307037,0.30643082,1.6224031,-0.19810903,0.03887721,2.3543608,-0.23666203,-0.26485205,2.2551973,-0.19532457,-0.50487167,2.343914,-0.2193683,-0.54938793,2.35238,-0.075176805,0.04361648,2.3949213,-0.07710556,-0.25706208,2.2338865,-0.0969403,-0.5117776,2.3271785,-0.02906215,-0.5289012,2.3514922]
[2,2,2,2,1,1,2,2,2,2,2,2,2,2,2,1,2,2,2,2]
[-0.14794552,0.07968785,2.3475325,-0.15518335,0.1295673,2.319636,-0.21247607,0.3791026,2.1850936,-0.16806889,0.52470875,2.0643392,-0.29622126,0.35836682,2.2160702,-0.32383832,0.3233979,1.9872057,-0.27114585,0.26640093,1.717562,-0.2659336,0.25999257,1.6483849,-0.01685264,0.3132826,2.3001199,-0.03622193,0.34120792,2.0317996,-0.050057594,0.32115698,1.7876995,-0.07097231,0.295734,1.6261309,-0.20523977,0.025493693,2.3524287,-0.23930915,-0.26496926,2.2473407,-0.19502842,-0.49795908,2.3387568,-0.22407618,-0.54232216,2.3634431,-0.07594979,0.024123095,2.3927531,-0.078650706,-0.26270258,2.2273538,-0.097034134,-0.50937915,2.327347,-0.030398002,-0.5309689,2.344216]
[2,2,2,2,1,1,2,2,2,1,2,2,2,2,2,1,2,2,2,2]
[-0.15155853,0.068893604,2.344279,-0.16004363,0.118736975,2.3148544,-0.21185902,0.36174783,2.1789815,-0.16946252,0.5190928,2.0635386,-0.2976692,0.34516627,2.2124739,-0.3254014,0.31012583,1.9836214,-0.2725522,0.25779113,1.711001,-0.26645353,0.24995533,1.6433138,0.009059461,0.2471289,2.3293216,-0.028008286,0.28543678,2.0537708,-0.03753832,0.28985125,1.8042079,-0.06955986,0.2869063,1.6266553,-0.21489184,0.01374306,2.3507278,-0.24088344,-0.2657616,2.2384763,-0.19493945,-0.4941616,2.3357213,-0.22681314,-0.5386028,2.370249,-0.07464692,9.3613565E-4,2.384472,-0.082575716,-0.27241558,2.219748,-0.09770263,-0.50688744,2.3267598,-0.031668596,-0.53206277,2.3392277]
[2,2,2,2,1,1,2,2,1,1,1,2,2,2,2,1,2,2,2,2]
[-0.15450257,0.060492698,2.3400235,-0.16335568,0.11023523,2.3098443,-0.21062091,0.35114753,2.1739635,-0.17054248,0.5127845,2.0590541,-0.29827127,0.3353144,2.2084398,-0.3260866,0.30024397,1.9796169,-0.27256256,0.2478956,1.703809,-0.2653531,0.2376394,1.637223,0.017316932,0.22163576,2.3398495,-0.025108267,0.26185685,2.0608387,-0.03393635,0.27388266,1.8082412,-0.069179885,0.27753666,1.6248993,-0.22173026,0.0051180553,2.348775,-0.24167061,-0.2674182,2.2312183,-0.194986,-0.49131182,2.3330889,-0.22838806,-0.5361385,2.3741846,-0.07368195,-0.01113786,2.3802009,-0.08539753,-0.27940774,2.2146332,-0.098319694,-0.5047094,2.3260124,-0.032652166,-0.5328109,2.335961]
[2,2,2,2,1,1,2,2,1,1,2,2,2,2,2,1,2,2,2,2]
[-0.15843369,0.05149044,2.3335695,-0.16724294,0.10109056,2.3032522,-0.21061678,0.3422581,2.168793,-0.17329589,0.5034964,2.0522733,-0.29952222,0.32616404,2.20321,-0.3273999,0.29107812,1.9744334,-0.27129558,0.23355237,1.6958148,-0.2635711,0.22281048,1.6314943,0.022125654,0.20595284,2.3428607,-0.005477752,0.2632966,2.0699973,-0.032558985,0.26364374,1.8092163,-0.06954347,0.26626694,1.6210148,-0.22878337,-0.004463532,2.3451557,-0.24113724,-0.26956803,2.223811,-0.19496614,-0.48984128,2.3314,-0.22939652,-0.53501314,2.3769863,-0.07328701,-0.020922273,2.37621,-0.087681405,-0.28471234,2.210673,-0.09874672,-0.50308484,2.325314,-0.036010474,-0.5346701,2.336878]
[2,2,2,2,1,1,2,2,1,2,2,2,2,2,2,1,2,2,2,2]
[-0.16115227,0.039863702,2.3275702,-0.16926315,0.08807893,2.2970898,-0.20470521,0.3235278,2.163005,-0.17528461,0.4970066,2.0475607,-0.29758352,0.31141695,2.1966875,-0.3255156,0.27632487,1.9679766,-0.26828712,0.21435696,1.6876369,-0.26223764,0.20960318,1.6293507,0.013999881,0.2246458,2.3256931,0.0017025834,0.26248765,2.075901,-0.032266043,0.25604314,1.8095804,-0.06941409,0.25271523,1.6166623,-0.23303218,-0.015411647,2.3411534,-0.2396767,-0.27189985,2.2174747,-0.19490355,-0.489031,2.3300486,-0.2299992,-0.5345145,2.3789377,-0.07358201,-0.02851649,2.3732066,-0.08952605,-0.28936836,2.207557,-0.10086757,-0.50145596,2.322464,-0.039327968,-0.5359599,2.338486]
[2,2,2,2,1,1,2,2,2,2,2,2,2,2,2,1,2,2,2,2]
[-0.16259006,0.032106318,2.3238845,-0.17007661,0.07925345,2.2931507,-0.19906205,0.30862832,2.156598,-0.17673409,0.48892587,2.0429118,-0.2945529,0.29747498,2.1891963,-0.32252002,0.26238292,1.9605513,-0.26545763,0.19331865,1.6793001,-0.25986928,0.18600741,1.6258537,0.0152673405,0.21582003,2.326694,-6.339953E-4,0.25260785,2.0734951,-0.03363003,0.24860115,1.8078289,-0.06981816,0.23404142,1.6122154,-0.23522109,-0.022268683,2.3387425,-0.23783726,-0.274133,2.2126148,-0.19477707,-0.48898625,2.3289437,-0.22801626,-0.53997034,2.3778973,-0.074018076,-0.034008175,2.3712692,-0.09081977,-0.29302892,2.2052357,-0.1042205,-0.4990725,2.318246,-0.041830465,-0.5368581,2.3410428]
[2,2,2,2,1,1,2,2,1,1,2,2,2,2,2,2,2,2,2,2]
[-0.16353431,0.026670042,2.3214035,-0.1706394,0.07350586,2.2901375,-0.20009984,0.3124723,2.1162357,-0.17813465,0.47706574,2.0339208,-0.29528016,0.2943452,2.1559896,-0.2831721,0.2559167,1.9226577,-0.257599,0.16677022,1.6510559,-0.25447145,0.14379482,1.5812962,0.0052936273,0.2306296,2.3035285,0.0013034346,0.253753,2.0724943,-0.037214167,0.2364624,1.8014938,-0.070529155,0.2138504,1.6092082,-0.23660682,-0.026838498,2.3377097,-0.23663448,-0.27589235,2.2092247,-0.19457878,-0.48967096,2.328043,-0.19002481,-0.55490756,2.312819,-0.07467774,-0.03859832,2.3693473,-0.09179126,-0.2959057,2.2035387,-0.1059137,-0.49784955,2.3159645,-0.043447576,-0.5374582,2.3439295]
[2,2,2,2,1,2,2,2,2,2,2,2,2,2,2,1,2,2,2,2]
[-0.16235329,0.016345467,2.3207557,-0.16852663,0.06497634,2.2870648,-0.17485206,0.30359474,2.083984,-0.17970176,0.46597528,2.0295293,-0.27733248,0.28419688,2.1256433,-0.24938855,0.31960565,1.8973699,-0.26496893,0.17554975,1.7510213,-0.25996625,0.14072964,1.627394,-0.017062537,0.270715,2.249093,0.009074552,0.28269753,2.0330956,-0.0400414,0.22369255,1.769939,-0.06960485,0.19311738,1.6077913,-0.23327324,-0.034707118,2.3388646,-0.23577985,-0.2772725,2.2067616,-0.19399218,-0.4913935,2.3272724,-0.1699735,-0.56379956,2.283842,-0.07580827,-0.041849498,2.368047,-0.10168116,-0.30157405,2.20067,-0.106900185,-0.4972155,2.3142738,-0.04485439,-0.5374606,2.3447733]
[2,2,2,2,1,2,2,2,2,2,2,2,2,2,2,1,2,2,2,2]
[-0.16124591,0.01035474,2.3203008,-0.16613911,0.059427164,2.2844207,-0.16318665,0.29962975,2.0679355,-0.18044491,0.45970944,2.0260797,-0.26630676,0.27860942,2.1067805,-0.2674547,0.28025728,1.8761528,-0.26317528,0.1583521,1.7286459,-0.26281902,0.12918676,1.6502416,-0.040940464,0.3357103,2.168283,4.5584922E-4,0.27413186,1.9745299,-0.042272516,0.21294211,1.7542496,-0.068539955,0.17357689,1.6065725,-0.2270732,-0.040245194,2.3394327,-0.23514578,-0.27843952,2.2049842,-0.1931929,-0.4935855,2.3266447,-0.16059475,-0.56847954,2.2699673,-0.0785693,-0.042537082,2.3668032,-0.105399944,-0.3053714,2.1993518,-0.10738003,-0.49683073,2.31327,-0.045632716,-0.5373107,2.3465116]
[2,2,2,2,1,2,2,2,2,2,2,2,2,2,2,1,2,2,2,2]
[-0.15978003,0.006097652,2.3200366,-0.16281925,0.054993138,2.2816062,-0.15302959,0.2946047,2.0472436,-0.18150523,0.45489436,2.0207,-0.2557281,0.27282238,2.0842597,-0.2696296,0.2710663,1.8558915,-0.25348145,0.11413417,1.7326685,-0.26597956,0.12247392,1.673348,-0.051138557,0.37138844,2.1217773,0.022235496,0.25141215,1.9572608,-0.039574582,0.20905632,1.7556497,-0.06718466,0.1547761,1.609438,-0.22045268,-0.044315167,2.3398552,-0.23468995,-0.27935565,2.20371,-0.19242632,-0.4956667,2.3262024,-0.15427154,-0.5714257,2.261906,-0.08107717,-0.042065036,2.366115,-0.107326455,-0.3086118,2.1986897,-0.10630603,-0.49652788,2.3122532,-0.04609936,-0.5372712,2.347332]
[2,2,2,2,1,1,2,2,2,2,2,2,2,2,2,1,2,2,2,2]
[-0.15805279,0.0028593813,2.3199334,-0.15978742,0.051656306,2.2792308,-0.14898135,0.2918254,2.037313,-0.18164548,0.45135123,2.015588,-0.25062594,0.26923636,2.0714602,-0.29391026,0.23094311,1.8470196,-0.23807652,0.09550321,1.726546,-0.26577008,0.108577125,1.677693,-0.051502757,0.35739988,2.1219187,0.051606074,0.232736,1.957788,-0.034978904,0.19716346,1.7586261,-0.06480421,0.13418594,1.607336,-0.2141922,-0.047029324,2.340581,-0.23272142,-0.28094217,2.202348,-0.19203985,-0.49746805,2.3259733,-0.15020576,-0.573569,2.2565515,-0.08315997,-0.04109502,2.3656616,-0.108338885,-0.31160626,2.19868,-0.105188414,-0.49661377,2.3113077,-0.04666614,-0.5367518,2.3491101]
[2,2,2,2,1,2,2,2,2,2,2,2,2,2,2,1,2,2,2,2]
[-0.14655551,-0.018536184,2.3319335,-0.14618307,0.02307387,2.295869,-0.14991885,0.24753322,2.1091347,-0.17755662,0.42371905,2.0137677,-0.2443432,0.22947317,2.1204257,-0.29310238,0.219031,1.914065,-0.25221023,0.1100295,1.7514496,-0.26541963,0.09954193,1.678438,-0.060945287,0.32773268,2.133747,0.06473729,0.23319404,1.9600571,-0.030925239,0.18834147,1.7624321,-0.06300887,0.11921298,1.6065782,-0.19511485,-0.07810293,2.3420951,-0.23158218,-0.28214845,2.2013917,-0.19176467,-0.49929306,2.3260174,-0.15017056,-0.5750482,2.2533963,-0.08315071,-0.050301578,2.3844821,-0.1087309,-0.31422505,2.1989589,-0.10419928,-0.49691844,2.3104866,-0.0469275,-0.53650904,2.3497965]
[2,2,2,2,1,2,2,2,2,2,2,2,2,2,2,1,2,2,2,2]
[-0.14268647,-0.02345074,2.3343937,-0.14214048,0.0168153,2.2987187,-0.14932099,0.22932836,2.1311538,-0.1755547,0.41075674,2.0122297,-0.24225706,0.21346097,2.1392224,-0.29382965,0.20568188,1.9205712,-0.2570643,0.108591095,1.7557937,-0.26545647,0.093068205,1.679263,-0.04597922,0.33802837,2.1192503,0.068750605,0.21892212,1.9637105,-0.026835373,0.1794674,1.7667303,-0.06137665,0.10704275,1.6100087,-0.18916164,-0.08433793,2.3448782,-0.23001862,-0.28333524,2.2005043,-0.19157155,-0.50070465,2.3263328,-0.15242307,-0.5758464,2.2532449,-0.082498945,-0.050946537,2.38625,-0.10863742,-0.3165919,2.1994812,-0.10325797,-0.4974196,2.3097725,-0.047026955,-0.5362701,2.350247]
[2,2,2,2,1,2,2,2,2,2,2,2,2,2,2,1,2,2,2,2]
[-0.14009202,-0.026422456,2.335835,-0.13959837,0.012865672,2.3003826,-0.14938721,0.2204716,2.1431813,-0.17377928,0.40196297,2.011335,-0.24102306,0.20473747,2.1488051,-0.29045257,0.20239672,1.9369256,-0.2611139,0.10702356,1.7600023,-0.2656676,0.088400215,1.6814202,-0.03353502,0.3333341,2.1234498,0.06894346,0.20880967,1.9678673,-0.02368173,0.17122746,1.7708102,-0.05989533,0.09899726,1.6141086,-0.18547152,-0.08788171,2.346963,-0.22909203,-0.2844925,2.1998758,-0.19147342,-0.502074,2.3267946,-0.15561953,-0.5763638,2.2549753,-0.081323065,-0.050714847,2.3864186,-0.10835823,-0.3192357,2.2003834,-0.102120735,-0.49798983,2.3086512,-0.0470276,-0.53576267,2.3508308]
[2,2,2,2,1,2,2,2,2,2,2,2,2,2,2,1,2,2,2,2]
[-0.13792151,-0.02822214,2.336695,-0.13755867,0.010445645,2.3014421,-0.14890341,0.21473794,2.1500928,-0.1721503,0.3954115,2.0106642,-0.23991315,0.19914092,2.1545918,-0.2890903,0.20001021,1.94511,-0.26433524,0.10630731,1.7633846,-0.2657673,0.08501217,1.683,-0.025504,0.32910115,2.12608,0.061076444,0.19918421,1.9699472,-0.021520786,0.16523539,1.7733368,-0.057906438,0.09343306,1.6192527,-0.18304224,-0.08962802,2.3490374,-0.22707,-0.28608912,2.1991656,-0.19149081,-0.5032023,2.3274112,-0.15951143,-0.57647485,2.2579975,-0.07975577,-0.05058242,2.385488,-0.10809136,-0.32176778,2.2012715,-0.0997219,-0.49922508,2.3075495,-0.04665258,-0.5352934,2.3519502]
[2,2,2,2,1,2,2,2,2,2,2,2,2,2,2,1,2,2,2,2]
[-0.13610946,-0.029640753,2.337199,-0.13593157,0.008869069,2.3020153,-0.14867598,0.21221882,2.153421,-0.17097312,0.39037025,2.01016,-0.23907581,0.19528386,2.158363,-0.28814638,0.19666216,1.949933,-0.26667833,0.105255775,1.7644684,-0.2658247,0.08226746,1.6846331,-0.021003958,0.3248388,2.1288476,0.024306191,0.19350833,1.9639105,-0.020804608,0.15700126,1.7705176,-0.05498565,0.090108216,1.6276268,-0.18135178,-0.0906464,2.3509614,-0.22235663,-0.287943,2.1972494,-0.19170302,-0.5045804,2.3286803,-0.16346502,-0.5766436,2.261994,-0.0779918,-0.05123667,2.383859,-0.10785711,-0.32425353,2.2020514,-0.09759929,-0.5003338,2.3063104,-0.044775207,-0.53550774,2.3585296]
[2,2,2,2,1,2,2,2,2,2,2,2,2,2,2,1,2,2,2,2]
[-0.13427815,-0.031698134,2.337551,-0.13468957,0.007235043,2.3024602,-0.14844738,0.21235806,2.1527407,-0.16891018,0.38445577,2.0095632,-0.238487,0.19257294,2.1610198,-0.2870971,0.19404607,1.9527209,-0.26831752,0.10414804,1.7647116,-0.26583517,0.08028886,1.6858236,-0.02132681,0.30680156,2.1349323,0.021634923,0.19057156,1.9624555,-0.020238128,0.15393639,1.7706671,-0.050731853,0.08888489,1.6374376,-0.18011402,-0.09185203,2.3530557,-0.22110415,-0.28886428,2.1961913,-0.19203493,-0.5061185,2.3301618,-0.12027524,-0.5467015,2.3167074,-0.07551622,-0.055084053,2.3804517,-0.10766606,-0.3266035,2.202647,-0.09593226,-0.5011708,2.30521,-0.043444373,-0.5356698,2.3629074]
[2,2,2,2,1,2,2,2,2,2,1,2,2,2,2,2,2,2,2,2]
[-0.13275743,-0.034091357,2.3373961,-0.13370664,0.0056675,2.3023531,-0.14822382,0.21384622,2.14615,-0.16743739,0.38034242,2.009165,-0.23820432,0.19086115,2.1621602,-0.28563446,0.19155598,1.9513032,-0.26961803,0.10217272,1.7623664,-0.26584333,0.07880211,1.6868706,-0.02010912,0.2944458,2.138863,0.026448527,0.18819031,1.9614712,-0.021043789,0.15203764,1.7714385,-0.05026668,0.10743292,1.6827377,-0.17972931,-0.09347695,2.3541355,-0.22037645,-0.28972235,2.1950703,-0.1923835,-0.50760794,2.3315816,-0.104660556,-0.5359537,2.3368993,-0.07303263,-0.06023411,2.3779037,-0.10752903,-0.32881296,2.203043,-0.094559126,-0.501837,2.3042152,-0.04229789,-0.5359947,2.3665829]
[2,2,2,2,1,2,2,2,2,2,1,2,2,2,2,1,2,2,2,2]
[-0.13159345,-0.036271982,2.3370104,-0.13297206,0.004248946,2.3020055,-0.14773534,0.21342319,2.1433747,-0.16598882,0.3767408,2.0090199,-0.23791966,0.18934967,2.1632206,-0.28462026,0.19046141,1.9509224,-0.27042487,0.101201296,1.7619114,-0.26583678,0.07766575,1.6877208,-0.018363133,0.28656718,2.1394935,0.039716806,0.17978881,1.9628757,-0.0199248,0.14067215,1.7657527,-0.05424076,0.08414872,1.6372311,-0.1800904,-0.09550982,2.3545506,-0.2200626,-0.2905105,2.1940162,-0.19285904,-0.5092294,2.3330493,-0.09590857,-0.53001916,2.3482487,-0.071033664,-0.064725175,2.376375,-0.10761859,-0.3309555,2.2031329,-0.09233219,-0.5026227,2.3042278,-0.041505054,-0.5362026,2.3690286]
[2,2,2,2,1,2,2,2,2,2,2,2,2,2,2,1,2,2,2,2]
[-0.13011134,-0.04054115,2.3362849,-0.1318707,6.3859555E-4,2.3015163,-0.14475828,0.2063155,2.1453967,-0.16411026,0.3711128,2.0108418,-0.23672083,0.184955,2.1661422,-0.283808,0.18951194,1.9517504,-0.27101073,0.10074538,1.7620702,-0.2633456,0.059305143,1.6600255,-0.017423648,0.28136864,2.1401274,0.047101263,0.17650165,1.9633659,-0.020867309,0.13200477,1.7588193,-0.05602939,0.073251605,1.6163471,-0.18084018,-0.10131217,2.3532805,-0.22015762,-0.29148957,2.1927323,-0.19330853,-0.5106547,2.334262,-0.090685874,-0.5264228,2.3551705,-0.06897066,-0.07073992,2.3761954,-0.10778576,-0.3333119,2.202887,-0.09046939,-0.5033348,2.3037915,-0.040945478,-0.5363226,2.3705904]
[2,2,2,2,1,2,2,2,2,2,2,2,2,2,2,1,2,2,2,2]
[-0.12897576,-0.043861818,2.3353114,-0.13101949,-0.002135113,2.3005388,-0.1438701,0.2066188,2.136588,-0.16330174,0.36891526,2.0109966,-0.2364955,0.18416119,2.1638408,-0.2835732,0.18958881,1.9458559,-0.27106464,0.09867411,1.7597121,-0.26407823,0.05852205,1.6684326,-0.016736034,0.27800068,2.140506,0.055668414,0.17338446,1.9657791,-0.021409873,0.1267829,1.7540915,-0.05703463,0.06776611,1.604553,-0.1813941,-0.105082035,2.3524065,-0.23661397,-0.35852683,2.1340826,-0.19744658,-0.51754117,2.3410745,-0.08798692,-0.52514213,2.3609726,-0.0670758,-0.07560564,2.3745732,-0.10800628,-0.33595273,2.2023935,-0.08948123,-0.50381196,2.3026285,-0.040537138,-0.5363975,2.3716455]
[2,2,2,2,1,2,2,2,2,2,2,2,2,2,2,1,2,2,2,2]
[-0.12799528,-0.046608597,2.3343766,-0.13027966,-0.004437176,2.299649,-0.1431078,0.20553382,2.135043,-0.16236715,0.366637,2.0112572,-0.23613828,0.18304342,2.163833,-0.28308922,0.18941312,1.945176,-0.27126244,0.09810488,1.7594684,-0.26472753,0.05949438,1.6763998,-0.016220415,0.2756576,2.1406395,0.060672436,0.1709575,1.9677421,-0.02179209,0.123560905,1.7510544,-0.057512898,0.06489021,1.5983458,-0.18168011,-0.10779104,2.3519585,-0.20798421,-0.38983467,2.0983977,-0.20036036,-0.52215105,2.3455493,-0.08730835,-0.5254666,2.3648632,-0.06535724,-0.07969647,2.3726923,-0.11235897,-0.37447718,2.2193787,-0.08866787,-0.50425535,2.3016634,-0.040220324,-0.53645176,2.3724003]
[2,2,2,2,1,2,2,2,2,1,2,2,2,2,2,1,2,2,2,2]
[-0.12721379,-0.049060218,2.3335598,-0.12969717,-0.006464971,2.2988975,-0.14259501,0.20471941,2.1340675,-0.16170514,0.36499622,2.0114734,-0.23588371,0.18218733,2.1638467,-0.28242055,0.18947314,1.9447856,-0.2713264,0.0977136,1.7594873,-0.2651577,0.0609585,1.682357,-0.015865011,0.27402082,2.1406708,0.066522144,0.16761568,1.972051,-0.02108329,0.12557171,1.7541792,-0.045104925,0.081007764,1.6232547,-0.18192866,-0.10999272,2.351627,-0.20607696,-0.40301538,2.084061,-0.20157276,-0.52434427,2.34734,-0.08761353,-0.5265051,2.3663585,-0.06407386,-0.08285087,2.3713343,-0.11835733,-0.4487041,2.264674,-0.08856973,-0.50529885,2.3007,-0.06504777,-0.56146294,2.2908912]
[2,2,2,2,1,2,2,2,1,1,2,2,2,2,2,1,2,2,2,1]
[-0.12660573,-0.050795473,2.3328428,-0.1292646,-0.007940621,2.2982514,-0.14230075,0.20413744,2.1333694,-0.16120957,0.36377612,2.011722,-0.23575795,0.18154287,2.1638002,-0.28183076,0.18968579,1.9445188,-0.27123955,0.0974818,1.7596606,-0.26550615,0.0625078,1.6861573,-0.015176218,0.27383766,2.1402056,0.06995208,0.16481875,1.9757292,-0.016909765,0.14574541,1.7825693,-0.03888954,0.089817315,1.6369418,-0.1821281,-0.111591086,2.3513632,-0.20893532,-0.40894943,2.0756476,-0.20249173,-0.52598745,2.3486192,-0.0891091,-0.52846014,2.3664322,-0.06274803,-0.08498444,2.3703556,-0.11394574,-0.43138164,2.2511368,-0.08848958,-0.5060463,2.299733,-0.049479775,-0.54811084,2.3363986]
[2,2,2,2,1,2,2,2,2,1,2,2,2,2,2,1,2,2,2,2]
[-0.12617476,-0.052050952,2.332285,-0.12895934,-0.00901414,2.29774,-0.14212327,0.2039224,2.1329486,-0.16045362,0.363295,2.0128381,-0.23568524,0.18121931,2.163712,-0.28111702,0.19040628,1.9444355,-0.27096528,0.09756108,1.7601253,-0.2657828,0.06470703,1.6893952,-0.014587945,0.27423596,2.1397548,0.07253243,0.16282944,1.9788857,-0.015596117,0.15376627,1.7909288,-0.03633679,0.09424298,1.6426636,-0.18230149,-0.112725414,2.3511376,-0.2121977,-0.40871093,2.073453,-0.2032634,-0.52697223,2.3491619,-0.14048856,-0.50925547,2.313531,-0.061822403,-0.08645288,2.3696723,-0.112136334,-0.38580167,2.2151136,-0.08840238,-0.50654,2.298844,-0.049060415,-0.54541755,2.336513]
[2,2,2,2,1,2,2,2,2,1,2,2,2,2,2,2,2,2,2,2]
[-0.12588069,-0.052806847,2.3318696,-0.12875044,-0.00964655,2.2974114,-0.1420338,0.20464359,2.1340482,-0.158944,0.3632846,2.0168319,-0.23562953,0.18121508,2.1638634,-0.27967247,0.19141518,1.9454081,-0.27056405,0.09886286,1.7612966,-0.26611337,0.06824041,1.68943,-0.013805249,0.28021604,2.1394784,0.07392753,0.16259962,1.9816806,-0.01506575,0.15855792,1.7942963,-0.03434499,0.0988251,1.6419795,-0.18240349,-0.11342846,2.3510294,-0.21507108,-0.40139982,2.076606,-0.20369706,-0.526537,2.3473234,-0.13111293,-0.518298,2.333506,-0.061185107,-0.08736043,2.3690393,-0.11105876,-0.36955947,2.2014456,-0.08825775,-0.5068817,2.2981994,-0.045436356,-0.54081947,2.3471406]
[2,2,2,2,1,2,2,2,2,1,2,2,2,2,2,2,2,2,2,2]
[-0.12568073,-0.05332499,2.3315248,-0.12862383,-0.010081952,2.2971733,-0.14508672,0.20664598,2.1403549,-0.15818986,0.36381716,2.0212214,-0.23681392,0.18192293,2.1656358,-0.2791735,0.19183491,1.9458343,-0.26894718,0.104025915,1.7619079,-0.26613057,0.073111616,1.6878377,-0.019637905,0.2872828,2.1436381,0.06921652,0.1807267,1.9864079,-0.015045389,0.16315345,1.7920263,-0.03310684,0.10379024,1.6369306,-0.18249068,-0.11392454,2.3509443,-0.21500556,-0.39389434,2.0806975,-0.20391734,-0.5257499,2.3452187,-0.1313272,-0.5201002,2.3368711,-0.060739677,-0.087912776,2.3684545,-0.11011421,-0.35417536,2.1903954,-0.08773232,-0.50690484,2.2981472,-0.043302674,-0.53812015,2.3534374]
[2,2,2,2,1,1,2,2,2,2,2,2,2,2,2,1,2,2,2,2]
[-0.12582289,-0.0533077,2.3311198,-0.12895277,-0.009962651,2.2969666,-0.14919244,0.20880023,2.1462026,-0.15882756,0.3672003,2.0282383,-0.2389529,0.18308108,2.1679208,-0.277624,0.19951917,1.9364483,-0.26736042,0.11273721,1.7443489,-0.26541004,0.080530584,1.6817242,-0.0273979,0.2932134,2.1480212,0.06915113,0.19258586,1.9897726,-0.016723517,0.17255995,1.7909455,-0.033472683,0.110157296,1.628964,-0.1827032,-0.11382113,2.3506474,-0.2147429,-0.38770694,2.0853367,-0.20395817,-0.52487177,2.3431993,-0.12865067,-0.5227953,2.34247,-0.0611495,-0.08739804,2.3681242,-0.11357443,-0.342747,2.183503,-0.08657132,-0.50668794,2.299446,-0.041977495,-0.5363426,2.3575003]
[2,2,2,2,1,2,2,2,2,1,2,2,2,2,2,1,2,2,2,2]
[-0.12654051,-0.051829014,2.3304527,-0.1299999,-0.008178649,2.296801,-0.15336089,0.21428958,2.1527605,-0.16012092,0.37394324,2.034997,-0.241784,0.18656996,2.1713889,-0.2805751,0.22860217,1.9572164,-0.26373693,0.14131328,1.7688959,-0.2642195,0.10385012,1.6863146,-0.033784017,0.2981931,2.1521175,0.068468064,0.20997049,1.9945965,-0.016918879,0.17882833,1.7828658,-0.034019418,0.11724462,1.6227547,-0.18309739,-0.11108633,2.3490732,-0.21454547,-0.38452658,2.0883737,-0.20392591,-0.524414,2.3420658,-0.12532113,-0.5252663,2.347667,-0.062600285,-0.08517738,2.3677788,-0.116764784,-0.33543736,2.179864,-0.085423395,-0.5065548,2.3006952,-0.041038625,-0.5353623,2.3599424]
[2,2,2,2,1,2,2,2,2,2,2,2,2,1,1,1,2,2,2,2]
[-0.12736453,-0.049871705,2.3299854,-0.13131872,-0.0055063767,2.2969072,-0.15875189,0.22381914,2.1580408,-0.16077639,0.38379136,2.0406125,-0.24605218,0.1934017,2.175059,-0.28057787,0.24193394,1.9562238,-0.2637216,0.15352987,1.765426,-0.26346806,0.11717418,1.6872319,-0.044834707,0.30184847,2.1598632,0.066700585,0.24115437,2.0018632,-0.016626107,0.18359767,1.7776122,-0.033590708,0.13240916,1.6237228,-0.18317944,-0.10761249,2.347617,-0.20472501,-0.32395867,2.1485956,-0.20066033,-0.52197313,2.3378081,-0.11488378,-0.5285272,2.3553543,-0.06452444,-0.08192691,2.3675606,-0.11956832,-0.33027998,2.1782157,-0.08414907,-0.5070664,2.3037765,-0.03986686,-0.53492427,2.362414]
[2,2,2,2,1,2,2,2,2,2,2,2,2,2,2,2,2,2,2,2]
[-0.13224505,-0.027623318,2.3271804,-0.1388656,0.01956036,2.2955422,-0.17691827,0.25502205,2.160552,-0.16362846,0.40909457,2.04883,-0.25971964,0.2157735,2.1784706,-0.279386,0.25180474,1.9516028,-0.26421282,0.16471337,1.7562842,-0.26330182,0.12996483,1.6858745,-0.050398774,0.31915173,2.1658392,0.06462248,0.25340542,2.0056913,-0.017603949,0.20551291,1.7768427,-0.033656515,0.14548382,1.622122,-0.18495342,-0.08918595,2.3454401,-0.19833615,-0.29175073,2.1846006,-0.19735627,-0.5194664,2.3337588,-0.11079734,-0.5297271,2.358325,-0.06719521,-0.06731961,2.3652132,-0.12214629,-0.32609734,2.17802,-0.083051935,-0.5076472,2.3070624,-0.03883486,-0.5347688,2.3644516]
[2,2,2,2,1,2,2,2,2,2,2,2,2,2,2,1,2,2,2,2]
[-0.13570634,-0.012699016,2.325437,-0.14334968,0.03422357,2.294785,-0.1846927,0.26836732,2.1616805,-0.16497469,0.42117345,2.0524962,-0.26838052,0.23000899,2.1805835,-0.27413368,0.26211804,1.9243462,-0.2569547,0.1701131,1.6889254,-0.25240818,0.13617744,1.6089984,-0.05283408,0.33255404,2.1685534,0.029592633,0.27035397,1.9899439,-0.022802496,0.21912926,1.7594118,-0.035346784,0.17250222,1.6094503,-0.1869546,-0.07548181,2.3433783,-0.19654511,-0.27824205,2.2003005,-0.19486484,-0.5172954,2.3305225,-0.10461232,-0.5302619,2.3579285,-0.06928241,-0.05396774,2.3641143,-0.12461651,-0.32260722,2.1790617,-0.08201861,-0.5082268,2.3101978,-0.03786131,-0.5349051,2.3661613]
[2,2,2,2,1,2,2,2,2,2,2,2,2,2,2,2,2,2,2,2]
[-0.13772494,-0.0013722507,2.3250067,-0.1462341,0.045823872,2.294836,-0.19169241,0.2826269,2.1615965,-0.1662795,0.43533728,2.055156,-0.2767797,0.24571992,2.181811,-0.27283606,0.26836994,1.9143142,-0.25644654,0.18128246,1.6767539,-0.25223452,0.15659678,1.608238,-0.05625683,0.34430718,2.1705706,0.006084282,0.28635985,1.9795212,-0.026250297,0.23006228,1.7481548,-0.036481306,0.1908089,1.6022696,-0.18788883,-0.06381721,2.3421981,-0.19574465,-0.27005896,2.2097564,-0.19200034,-0.51507133,2.3276513,-0.100799546,-0.5304826,2.3576906,-0.07053386,-0.0394627,2.364644,-0.1265332,-0.31924194,2.1811185,-0.08106644,-0.5088539,2.3132415,-0.03675377,-0.5347741,2.3679466]
[2,2,2,2,1,1,2,2,2,2,2,2,2,2,2,1,2,2,2,2]
[-0.14268607,0.024450876,2.3241422,-0.15287454,0.07434908,2.29372,-0.20506768,0.32088694,2.1555588,-0.1666628,0.4460813,2.0572927,-0.29081443,0.28040823,2.179257,-0.28730246,0.3167657,1.9352897,-0.2577724,0.2259754,1.7486011,-0.25323227,0.17594627,1.6171284,-0.060966536,0.37461525,2.174808,-0.005695617,0.2980678,1.9792897,-0.028610626,0.2402059,1.7430536,-0.03758165,0.20632216,1.599164,-0.19108367,-0.0371459,2.3392591,-0.19619647,-0.26606053,2.2153296,-0.19026494,-0.5133844,2.325688,-0.09812899,-0.53047985,2.3572345,-0.073980674,-0.016077127,2.36556,-0.12776077,-0.31732246,2.1826375,-0.08307348,-0.5247451,2.3265314,-0.029976124,-0.5319876,2.3651862]
[2,2,2,2,1,2,2,2,2,2,2,2,2,2,2,1,2,2,2,2]
[-0.14566366,0.041863598,2.323628,-0.15578184,0.08920827,2.2932572,-0.20875305,0.33355567,2.1542172,-0.1686697,0.46379843,2.0584033,-0.296252,0.29602918,2.1785922,-0.2907368,0.33288357,1.9428917,-0.2534556,0.25086653,1.7695298,-0.25346312,0.1891771,1.6179398,-0.0632078,0.39735693,2.1771,-0.012464944,0.3101369,1.9807162,-0.030675465,0.25580266,1.7400897,-0.038667355,0.22418909,1.5969439,-0.19286975,-0.019771392,2.336548,-0.19953606,-0.26450658,2.2180948,-0.18926828,-0.51224333,2.3244994,-0.096168295,-0.53030604,2.356709,-0.07809245,0.003988011,2.3682234,-0.12808548,-0.31326392,2.1872075,-0.0876084,-0.53158706,2.332892,-0.028418927,-0.5314453,2.3646882]
[2,2,2,2,1,1,2,2,2,2,2,2,2,2,2,2,2,2,2,2]
[-0.14753307,0.05302919,2.3238447,-0.15766448,0.10009383,2.2935436,-0.21052441,0.3434285,2.1539576,-0.16952713,0.4750767,2.059387,-0.2995048,0.30848488,2.1786907,-0.29291034,0.34472448,1.9494317,-0.25336993,0.26785907,1.7817217,-0.25319636,0.20246017,1.6167475,-0.06479402,0.40831786,2.1794093,-0.015787624,0.32213038,1.9833288,-0.032209355,0.27090657,1.7398947,-0.039612863,0.23978612,1.5965772,-0.1943532,-0.0069159577,2.3354726,-0.2034471,-0.2650457,2.218942,-0.18866979,-0.5114071,2.3238184,-0.095009066,-0.5302127,2.356659,-0.08048243,0.015514693,2.3696802,-0.12733111,-0.30893242,2.1921613,-0.09195787,-0.5364258,2.3351424,-0.028183147,-0.5312793,2.3643036]
[2,2,2,2,1,1,1,2,2,2,2,2,2,2,2,2,2,2,2,2]
[-0.14872332,0.06439762,2.3263865,-0.15808387,0.11071881,2.2959118,-0.2033645,0.35313717,2.157758,-0.16997388,0.48573616,2.0604396,-0.29784852,0.31947562,2.1807463,-0.2906937,0.3544198,1.9577197,-0.2515365,0.27929956,1.7907227,-0.25300243,0.21559723,1.6154597,-0.0640624,0.41539416,2.1825337,-0.0148246735,0.33397374,1.9887832,-0.032700606,0.28542763,1.7435632,-0.04077617,0.25400874,1.5985078,-0.19650017,0.0056594308,2.3363783,-0.21014526,-0.26493642,2.2204235,-0.1883961,-0.51058173,2.3236222,-0.09427203,-0.52998275,2.3566394,-0.08239358,0.02688051,2.373811,-0.12578712,-0.30126303,2.1999319,-0.09457499,-0.53812027,2.3368032,-0.027998032,-0.5309397,2.3640115]
[2,2,2,2,1,1,1,2,1,2,2,2,2,2,2,2,2,2,2,2]
[-0.14933665,0.07313221,2.3297215,-0.15759125,0.11910414,2.299561,-0.18871965,0.3586847,2.1692975,-0.16908167,0.49778706,2.062128,-0.29138398,0.3281212,2.186937,-0.28424215,0.36099833,1.9700328,-0.2507449,0.2873681,1.7634729,-0.2524063,0.22727947,1.6153868,-0.058790825,0.419547,2.1909344,-0.02448235,0.34538418,1.9845507,-0.032785214,0.2989029,1.7518302,-0.042837784,0.2669331,1.601997,-0.19835684,0.014980781,2.3381233,-0.21445923,-0.26458675,2.2222152,-0.18904477,-0.50817966,2.3241377,-0.094133936,-0.52889526,2.3565476,-0.08370763,0.034746673,2.3778167,-0.11591823,-0.29227495,2.2102585,-0.098333396,-0.53903854,2.3362443,-0.030058289,-0.5307905,2.3633857]
[2,2,2,2,1,1,2,2,1,1,2,2,2,2,2,1,2,2,2,2]
[-0.15086176,0.08126235,2.3348768,-0.15775557,0.12694284,2.3049445,-0.18128777,0.3631761,2.1768239,-0.16923149,0.50778097,2.0631082,-0.2859838,0.3350609,2.1928747,-0.27961695,0.3661234,1.9796385,-0.25071838,0.29210624,1.7528847,-0.25164732,0.23873466,1.6173803,-0.034295343,0.37181094,2.2576993,-0.013641573,0.3522138,2.0377824,-0.03227033,0.31335783,1.7861724,-0.04580259,0.28078097,1.6078638,-0.20740665,0.031169828,2.347649,-0.22460161,-0.2793425,2.221601,-0.19153789,-0.5207485,2.323743,-0.09462684,-0.5296749,2.3562336,-0.08467099,0.03982475,2.381088,-0.10749462,-0.286652,2.2176187,-0.10128762,-0.53931564,2.3351817,-0.03215605,-0.5300278,2.3625915]
[2,2,2,2,1,1,2,2,2,2,2,2,2,2,2,2,2,2,2,2]
[-0.15169902,0.090233974,2.3416398,-0.15729609,0.13539863,2.312043,-0.17622028,0.36673146,2.1838608,-0.16719782,0.5298956,2.0642436,-0.2619431,0.35426205,2.2143745,-0.26848584,0.37554786,1.9940844,-0.24976107,0.2977226,1.7502192,-0.2507288,0.25043827,1.6199603,-0.01734077,0.35715535,2.2919118,-0.006444966,0.37820086,2.06091,-0.032515757,0.3297681,1.794178,-0.048206367,0.29221967,1.6155189,-0.21167114,0.04531031,2.3565872,-0.22901571,-0.28313524,2.2240303,-0.19277126,-0.52515507,2.3245952,-0.094999336,-0.5300054,2.3562303,-0.08519762,0.04452673,2.3845224,-0.09865008,-0.28088933,2.2251506,-0.10367287,-0.5385777,2.33282,-0.034613185,-0.52979594,2.3621647]
[2,2,2,2,2,1,2,2,2,2,1,2,2,2,2,2,2,2,2,2]
[-0.15334517,0.10137864,2.3477383,-0.1580796,0.14879657,2.3179607,-0.1746597,0.4006034,2.1778917,-0.16624118,0.54123175,2.064113,-0.25173128,0.38197765,2.2120733,-0.2579245,0.40341756,1.9947001,-0.24825549,0.31048107,1.741792,-0.24990721,0.2611713,1.622555,-0.011064029,0.35186225,2.3059795,0.015757658,0.43234432,2.0905232,-0.17240998,0.39669573,1.932703,-0.23171413,0.36231375,1.8229017,-0.21505031,0.059576046,2.363974,-0.23201026,-0.28308332,2.2295082,-0.19369316,-0.5266853,2.326572,-0.0954327,-0.5299924,2.3566577,-0.08670143,0.05242398,2.3882494,-0.091456674,-0.27298146,2.2349894,-0.105153434,-0.535979,2.3304899,-0.036644176,-0.5298687,2.362226]
[2,2,2,2,1,1,2,2,2,2,2,2,2,2,2,2,2,2,2,2]
[-0.15432122,0.10832121,2.3516035,-0.15840295,0.15678138,2.3216002,-0.17205615,0.41286495,2.1785727,-0.16516888,0.5515761,2.0639107,-0.24496244,0.39631686,2.2127767,-0.25044307,0.41855437,1.997046,-0.24656697,0.31934038,1.738848,-0.24896379,0.27108276,1.6263077,-0.008129699,0.3542449,2.315389,0.026757862,0.4581266,2.1035368,-0.19530082,0.42205238,1.9538039,-0.22189738,0.39025468,1.8602058,-0.21670973,0.06759995,2.368031,-0.23425198,-0.28160635,2.240161,-0.19433568,-0.52825654,2.3290043,-0.09563418,-0.530353,2.3565438,-0.088169836,0.05888392,2.390866,-0.086117126,-0.2675197,2.243695,-0.105801895,-0.5339734,2.3290324,-0.037559006,-0.52924687,2.3618932]
[2,2,2,2,1,1,2,2,2,2,2,1,2,2,2,2,2,2,2,2]
[-0.15202664,0.13252111,2.3581226,-0.15644549,0.17833838,2.3265777,-0.17106336,0.4219416,2.1791623,-0.16271494,0.56756604,2.0621963,-0.24115111,0.40694875,2.2129989,-0.24607408,0.42984188,1.9984112,-0.24524255,0.32650095,1.7378548,-0.24797346,0.2809051,1.629115,-0.023340598,0.4295602,2.2802567,0.041081544,0.47159493,2.0908175,-0.19982806,0.4246904,1.9476216,-0.20993143,0.4131381,1.8834296,-0.2123022,0.08783817,2.3745642,-0.23482564,-0.2614517,2.2659826,-0.19424704,-0.5194312,2.3392744,-0.0957886,-0.53008443,2.3566844,-0.08654942,0.09694592,2.39436,-0.07813802,-0.24043088,2.2663856,-0.104569696,-0.5146244,2.3266733,-0.038760997,-0.52886695,2.3612294]
[2,2,2,2,1,1,2,2,2,2,2,2,2,2,2,2,2,2,2,2]
[-0.15057604,0.14416116,2.3618324,-0.15497065,0.18955566,2.3298259,-0.17023335,0.42784584,2.1801457,-0.16290414,0.5847727,2.0587888,-0.23855688,0.41406384,2.213554,-0.24305691,0.43746105,1.9997797,-0.2434883,0.33543104,1.7385999,-0.24689935,0.2910715,1.631107,-0.028538639,0.456037,2.2702518,0.047771562,0.483696,2.0828667,-0.2150411,0.4470221,1.9640079,-0.26408106,0.41179645,1.8721359,-0.2091159,0.0987913,2.37835,-0.23366512,-0.25127122,2.2820091,-0.19400516,-0.51419806,2.3464236,-0.095878124,-0.5299224,2.3567517,-0.08595402,0.11277715,2.3964407,-0.073358014,-0.22746047,2.2803113,-0.10348853,-0.50466216,2.3249693,-0.039775062,-0.5286107,2.3607192]
[2,2,2,2,1,1,2,2,2,2,2,2,2,2,2,2,2,2,2,2]
[-0.15010205,0.15737896,2.3649297,-0.1554903,0.20687157,2.3320377,-0.18705827,0.4658256,2.1709933,-0.16588846,0.60115695,2.054934,-0.24992433,0.44548464,2.2037847,-0.25211787,0.46987712,1.9915589,-0.24834195,0.3670127,1.7362707,-0.24585912,0.30203727,1.6310861,-0.03100887,0.46628842,2.267443,0.04275841,0.5020902,2.0756478,-0.21061042,0.45508993,1.9451661,-0.27409518,0.41474825,1.865969,-0.2073527,0.1126403,2.3830976,-0.23126489,-0.23987152,2.2990332,-0.1934751,-0.5077997,2.3531904,-0.096000716,-0.5293745,2.3569608,-0.085457236,0.12235601,2.3977964,-0.070705004,-0.21974936,2.291138,-0.10277848,-0.4987536,2.3241985,-0.040745765,-0.5286087,2.3602939]
[2,2,2,2,1,1,2,2,2,2,2,2,2,2,2,2,2,2,2,2]
[-0.14619985,0.18371612,2.367374,-0.15238492,0.23473896,2.3299227,-0.18607359,0.5015632,2.138943,-0.17268422,0.62732345,2.043131,-0.24792624,0.46837452,2.195669,-0.2748622,0.49758586,1.9853151,-0.25224993,0.38124526,1.7367959,-0.24420178,0.3167305,1.6266581,-0.03499076,0.51801383,2.237494,0.046399683,0.51431364,2.047361,-0.20578416,0.46494892,1.9310803,-0.2490361,0.4348194,1.8771223,-0.19731195,0.14162357,2.386452,-0.22468963,-0.20996492,2.3192723,-0.19310446,-0.5015059,2.3590345,-0.09628886,-0.5282142,2.3574705,-0.084998004,0.16275264,2.4033444,-0.0685885,-0.2110316,2.3106434,-0.10185481,-0.49305883,2.3245199,-0.04190954,-0.5288282,2.3597045]
[2,2,2,2,2,2,2,2,2,2,2,1,2,2,2,2,2,2,2,2]
[-0.14429994,0.1964926,2.3695662,-0.15072355,0.24791951,2.3307405,-0.18342243,0.5154314,2.1424232,-0.17469457,0.6367375,2.040439,-0.2420443,0.48211178,2.1893394,-0.28601402,0.5131778,1.9829898,-0.25482962,0.39132616,1.738327,-0.24314854,0.32596955,1.6241171,-0.016474731,0.5100977,2.265754,0.040355153,0.5217449,2.0510304,-0.1985595,0.46867487,1.9235158,-0.21177939,0.44309705,1.8707813,-0.19331597,0.15545923,2.3897655,-0.22069785,-0.1961995,2.3286767,-0.19293341,-0.4972704,2.364146,-0.096638754,-0.5269852,2.3582864,-0.08467164,0.17696695,2.4054847,-0.062881045,-0.1878999,2.3428428,-0.09906514,-0.48331162,2.3259246,-0.044107858,-0.52876365,2.358525]
[2,2,2,2,2,2,2,2,2,2,2,2,2,2,2,2,2,2,2,2]
[-0.14507577,0.22693694,2.3712776,-0.15416361,0.27993488,2.3300333,-0.20328052,0.54682493,2.1334393,-0.17698795,0.6488313,2.0360599,-0.24884094,0.51113725,2.1666074,-0.3020467,0.5202657,1.9525734,-0.25297582,0.40786916,1.7538902,-0.24260785,0.33315217,1.6228794,-0.026306411,0.5430821,2.2483206,0.040420618,0.52635247,2.047608,-0.19497485,0.475318,1.919338,-0.20162481,0.4512452,1.8691766,-0.19128346,0.17785352,2.3932488,-0.21131654,-0.17308857,2.3428278,-0.19325279,-0.4940922,2.3682747,-0.097368665,-0.5255067,2.3594027,-0.08442061,0.19421282,2.4067342,-0.061049808,-0.17753783,2.357258,-0.09691135,-0.47765526,2.328269,-0.04601734,-0.52940667,2.3576531]
[2,2,2,2,1,2,2,2,2,2,2,1,2,2,2,2,2,2,2,2]
[-0.14515628,0.23760316,2.372488,-0.15488254,0.29056412,2.3305438,-0.20647997,0.5552113,2.1349695,-0.17825572,0.65552837,2.0340102,-0.24910265,0.520425,2.161344,-0.3073384,0.52729094,1.947506,-0.25400612,0.4274922,1.7828122,-0.24201691,0.3389582,1.6224037,-0.014015751,0.52107406,2.29484,0.029020214,0.5478009,2.0458934,-0.19429629,0.48180285,1.9158982,-0.1947651,0.46005672,1.8660275,-0.1905167,0.18756792,2.39548,-0.20416588,-0.16281618,2.3538766,-0.19100492,-0.4915953,2.3725727,-0.09632407,-0.5243772,2.3607137,-0.0842387,0.20172589,2.4076326,-0.06201499,-0.16582914,2.3710246,-0.094816215,-0.47386494,2.3315978,-0.04744981,-0.53030056,2.3569493]
[2,2,2,2,1,2,2,2,2,2,2,2,2,2,2,2,2,2,2,2]
[-0.14511049,0.24420726,2.3734686,-0.15525259,0.29727972,2.3311646,-0.20704488,0.5563571,2.1403685,-0.1790354,0.6604587,2.032537,-0.24929821,0.5268126,2.157782,-0.30989692,0.53305864,1.9452085,-0.25462216,0.4359969,1.7942811,-0.24160424,0.34388015,1.6222175,-0.010075198,0.5109297,2.315307,0.02389475,0.5576591,2.0449138,-0.1920672,0.48780188,1.9096966,-0.18883914,0.46467975,1.8622466,-0.19026507,0.19404905,2.397818,-0.19521365,-0.15681706,2.3658009,-0.18851809,-0.48974913,2.3763084,-0.094126344,-0.5226651,2.3633916,-0.084099256,0.20688193,2.40836,-0.06309703,-0.15954265,2.3802118,-0.092135124,-0.47160125,2.335148,-0.04860773,-0.53166956,2.3563983]
[2,2,2,2,1,2,2,2,2,2,2,1,2,2,2,2,2,2,2,2]
[-0.14565259,0.24981904,2.3745933,-0.15585501,0.30263767,2.3319502,-0.20768628,0.5593421,2.1422577,-0.17982425,0.666935,2.0303388,-0.24944888,0.53175163,2.1550884,-0.31088763,0.54251033,1.9444661,-0.25675753,0.44734874,1.7995034,-0.2414943,0.34867102,1.6226866,-0.008564271,0.5055812,2.324814,0.02028446,0.56398934,2.0440214,-0.19160974,0.49282402,1.9055356,-0.22297277,0.4635349,1.8354753,-0.19127312,0.20016453,2.3993828,-0.1885758,-0.15088457,2.3763962,-0.18700315,-0.4883683,2.3796017,-0.09287335,-0.52120084,2.3658466,-0.08447556,0.21137674,2.4104962,-0.065590285,-0.15196307,2.3876982,-0.08810632,-0.470668,2.340561,-0.04965009,-0.53520143,2.3196507]
[2,2,2,2,1,1,1,2,2,2,2,2,2,2,2,2,2,2,2,2]
[-0.1461002,0.25378725,2.3756096,-0.15635858,0.30633226,2.332923,-0.20712446,0.55979663,2.1449387,-0.17986552,0.6715444,2.0289693,-0.24945544,0.53530777,2.15326,-0.30882236,0.5532537,1.947251,-0.2576548,0.45406455,1.8030796,-0.24135575,0.35396788,1.623308,-0.007590511,0.503364,2.330652,0.019736081,0.57083315,2.0619686,-0.18506758,0.5002273,1.9078732,-0.20799471,0.4698568,1.8400601,-0.19245818,0.2049632,2.4008722,-0.18336448,-0.14629525,2.387314,-0.18609148,-0.48701876,2.3832977,-0.09220652,-0.51940906,2.3688006,-0.08475899,0.21433368,2.4124012,-0.06864693,-0.14670244,2.394997,-0.08428347,-0.47070572,2.347041,-0.04938038,-0.53650725,2.3080077]
[2,2,2,2,1,2,1,2,2,2,2,1,2,2,2,2,2,2,2,2]
[-0.14685525,0.25840497,2.3768404,-0.15679558,0.31009743,2.3340416,-0.20614573,0.5611828,2.14661,-0.17977245,0.67486376,2.02822,-0.2491812,0.5382378,2.1521027,-0.30745783,0.55940896,1.9487522,-0.25817433,0.45863286,1.805258,-0.24151438,0.35987583,1.6246015,-0.0069672824,0.50247484,2.334413,0.017358564,0.5747366,2.0625262,-0.18501227,0.50412416,1.905456,-0.23630746,0.47087654,1.8244307,-0.19477785,0.21285492,2.402755,-0.18041329,-0.14227897,2.396737,-0.18577078,-0.48588794,2.3868906,-0.092099175,-0.517825,2.3714862,-0.08505836,0.21761256,2.4139702,-0.07177456,-0.13999796,2.402348,-0.08501252,-0.47279975,2.3568833,-0.049514044,-0.53828895,2.3246393]
[2,2,2,2,1,2,1,2,2,2,2,2,2,2,2,2,2,2,2,2]
[-0.1473824,0.2615837,2.3776915,-0.15707897,0.312768,2.3349152,-0.2045072,0.5621704,2.148434,-0.17957889,0.67818755,2.0284905,-0.24857165,0.5405594,2.151758,-0.30674246,0.5630793,1.94963,-0.25827932,0.46255156,1.8056446,-0.24208267,0.36769783,1.6256531,-0.006548947,0.5021913,2.3369138,0.017100787,0.57868934,2.0669916,-0.18236074,0.5091158,1.9065893,-0.20537393,0.4838323,1.8398339,-0.19626127,0.21784554,2.4038403,-0.17912488,-0.13993917,2.4037998,-0.18570541,-0.4850305,2.3901339,-0.09220494,-0.51668376,2.3735955,-0.08528497,0.21990329,2.4150894,-0.07371925,-0.13568868,2.4077597,-0.08509217,-0.47490928,2.3639824,-0.04885962,-0.53983176,2.3353167]
[2,2,2,2,1,1,2,2,1,2,2,2,2,2,2,2,2,2,2,2]
[-0.14765084,0.26456782,2.3785708,-0.15708227,0.31540596,2.3359814,-0.20254266,0.5644198,2.1499708,-0.17966388,0.691119,2.0294123,-0.24759352,0.54336697,2.1520858,-0.30593202,0.5661371,1.9505539,-0.2582405,0.4661215,1.8053219,-0.24762332,0.41196793,1.6824619,-0.06000813,0.55825675,2.2415361,0.032250624,0.58462507,2.0595543,-0.18444222,0.5415329,1.930321,-0.19380285,0.5080435,1.8628637,-0.1943179,0.22596382,2.4036314,-0.17949277,-0.13819523,2.4106588,-0.18575093,-0.4843544,2.3929229,-0.18537685,-0.5373794,2.384841,-0.089060344,0.23050931,2.4155974,-0.07519801,-0.13200222,2.412293,-0.08489175,-0.476754,2.3689122,-0.048365798,-0.5411539,2.3418176]
[2,2,2,2,1,1,1,2,2,2,2,1,2,2,2,2,2,2,2,2]
[-0.14782365,0.26711708,2.3794942,-0.15687346,0.31766573,2.3373175,-0.19463132,0.5654681,2.1576436,-0.17972878,0.6979988,2.0306497,-0.24339736,0.5454703,2.1569068,-0.3016803,0.56746715,1.9557292,-0.26149696,0.4627504,1.7601248,-0.2510338,0.41541833,1.663953,-0.05580604,0.58251405,2.2389882,0.061175328,0.59733325,2.0757062,-0.15583163,0.56816995,1.9635924,-0.1564708,0.53528446,1.9012713,-0.19299354,0.23112814,2.4034517,-0.18115374,-0.13745569,2.4169538,-0.1885768,-0.48282844,2.3977926,-0.19039384,-0.54074806,2.3750937,-0.09153012,0.23721807,2.4160423,-0.07621006,-0.12960383,2.415479,-0.08476856,-0.47808197,2.3722446,-0.04807442,-0.5419631,2.3460765]
[2,2,2,2,1,1,2,2,2,1,2,1,2,2,2,2,2,2,2,2]
[-0.14790578,0.26889044,2.3801804,-0.15659665,0.31926537,2.3384569,-0.18956672,0.56593066,2.1625824,-0.17960921,0.7023493,2.0320616,-0.24916597,0.5432764,2.2072613,-0.2706574,0.5207264,1.9823793,-0.2577578,0.44655728,1.7340058,-0.25359538,0.4216796,1.6530803,-0.054716937,0.5738675,2.2438881,0.06348239,0.6011259,2.0805585,-0.15489975,0.57394433,1.9649142,-0.14946602,0.542522,1.908428,-0.19229399,0.23413363,2.4034748,-0.18354277,-0.1373859,2.4223797,-0.1903235,-0.48186445,2.4011154,-0.22418927,-0.5480176,2.38071,-0.09248265,0.24049976,2.4163597,-0.076960266,-0.1279515,2.417833,-0.08468259,-0.4790456,2.374518,-0.047922596,-0.54249716,2.3488533]
[2,2,2,2,2,1,2,2,2,2,2,1,2,2,2,2,2,2,2,2]
[-0.14658873,0.27432775,2.3804567,-0.15516174,0.32301438,2.3399324,-0.18589129,0.5670805,2.1674821,-0.17929183,0.7057128,2.0338035,-0.2514851,0.54359436,2.2266645,-0.25897497,0.50478387,1.993441,-0.25677216,0.44303986,1.7251577,-0.25488248,0.42569956,1.6408222,-0.06161066,0.6177289,2.2100818,0.043732505,0.6018485,2.0450518,-0.19101271,0.57655054,1.9521675,-0.17135228,0.54753524,1.9034861,-0.19106346,0.23697092,2.4026065,-0.1856222,-0.13740447,2.4268906,-0.19146177,-0.48125303,2.4035084,-0.23675643,-0.55069655,2.3823433,-0.09186484,0.24642105,2.4170089,-0.07749644,-0.12667498,2.4196947,-0.084626585,-0.47976753,2.3761241,-0.047857072,-0.54281217,2.3503437]
[2,2,2,2,1,1,2,2,2,2,2,1,2,2,2,2,2,2,2,2]
[-0.14534865,0.27914202,2.3804407,-0.1536662,0.32679844,2.341143,-0.182882,0.56918174,2.17255,-0.17851345,0.709136,2.0361454,-0.25282368,0.5447238,2.2389896,-0.2528071,0.4972573,1.999846,-0.25620633,0.4416778,1.7200898,-0.25603873,0.4294875,1.6339072,-0.063100964,0.6310555,2.2003734,0.044210147,0.60283136,2.0397532,-0.19462715,0.57965696,1.9523243,-0.17255887,0.5512329,1.9053075,-0.18987322,0.23925611,2.4014566,-0.18744783,-0.13748336,2.430642,-0.1922739,-0.48082575,2.4052382,-0.24468796,-0.5523778,2.3834176,-0.091157146,0.2510365,2.4173658,-0.07793056,-0.1257317,2.4212942,-0.084620364,-0.48036724,2.377277,-0.047821313,-0.5430507,2.3514478]
[2,2,2,2,1,1,2,2,2,1,2,1,2,2,2,2,2,2,2,2]
[-0.14399366,0.28403383,2.3799431,-0.15210877,0.33048844,2.3419828,-0.18034537,0.5706928,2.1771927,-0.17767051,0.71186584,2.040837,-0.25406426,0.5457494,2.2476504,-0.2489458,0.49252585,2.0037627,-0.25592524,0.4430067,1.7189447,-0.25707448,0.43285948,1.6301589,-0.06437381,0.6383458,2.1946456,0.045005426,0.6008572,2.0349865,-0.1944909,0.5769102,1.9422125,-0.17513378,0.55136293,1.8995463,-0.18857808,0.24124992,2.3994687,-0.18861046,-0.13756728,2.4337997,-0.1928391,-0.4805451,2.4065874,-0.24718896,-0.552664,2.3846912,-0.09016815,0.25503865,2.4177837,-0.07828762,-0.12502295,2.422776,-0.08470623,-0.48094836,2.378125,-0.047797423,-0.543195,2.3522453]
[2,2,2,2,2,1,2,2,1,2,2,1,2,2,2,2,2,2,2,2]
[-0.14243937,0.28899565,2.379234,-0.14994335,0.33499318,2.3427227,-0.17420976,0.5748504,2.1858163,-0.17689362,0.7138592,2.0461805,-0.2545611,0.5466202,2.2531185,-0.2462924,0.49023637,2.0069532,-0.2557792,0.4485463,1.7229664,-0.25789198,0.436137,1.6278214,-0.06236313,0.6434034,2.1936345,0.044979807,0.60082996,2.032109,-0.19543423,0.5780771,1.9380084,-0.1781735,0.5529526,1.89303,-0.18723886,0.24307564,2.3969564,-0.18938641,-0.13770047,2.436218,-0.19323605,-0.48036718,2.4075933,-0.24494454,-0.5517643,2.3857226,-0.08901699,0.2585463,2.4182882,-0.078586586,-0.12452542,2.4241016,-0.085443966,-0.4814298,2.3790874,-0.0480682,-0.5425793,2.352864]
[2,2,2,2,1,1,2,2,1,2,1,1,2,2,2,2,2,2,2,2]
[-0.14124773,0.29327878,2.3784194,-0.14813757,0.3391251,2.34314,-0.17012444,0.57829326,2.1915321,-0.17630862,0.71575433,2.0510445,-0.25521663,0.5635635,2.2368686,-0.28389168,0.5484166,2.0133247,-0.268571,0.4802601,1.7468973,-0.25856978,0.43994546,1.6267635,-0.059074197,0.6462696,2.1956005,0.04492581,0.60086435,2.0301516,-0.1957798,0.5790014,1.9345002,-0.23371795,0.5664965,1.8883288,-0.18628792,0.24479128,2.3945239,-0.18997194,-0.13785619,2.4379869,-0.19350626,-0.48025995,2.4083762,-0.24057943,-0.5503489,2.386407,-0.08804071,0.2614062,2.4185126,-0.07879128,-0.12417628,2.4251244,-0.08629333,-0.48174378,2.379964,-0.048516378,-0.54168886,2.3532908]
[2,2,2,2,2,1,2,2,1,2,1,2,2,2,2,2,2,2,2,2]
[-0.1397333,0.299098,2.3767672,-0.14594242,0.34452757,2.3430724,-0.16624892,0.58194125,2.196772,-0.17541973,0.7183407,2.0557551,-0.2598343,0.5652836,2.2402604,-0.28638756,0.55232084,2.0153465,-0.26969233,0.48523676,1.7502041,-0.25884223,0.44449928,1.6269214,-0.05420829,0.6476936,2.2007031,0.04467957,0.60091126,2.0290456,-0.1959882,0.57983494,1.9317379,-0.26814395,0.5753738,1.8855774,-0.1856562,0.24654034,2.3915393,-0.19045007,-0.13796003,2.4392817,-0.19367318,-0.48025283,2.4090126,-0.23635659,-0.5491355,2.3868172,-0.08648937,0.26450804,2.4187384,-0.07892015,-0.12390627,2.425906,-0.08724399,-0.48187795,2.3808079,-0.04904907,-0.5405491,2.353666]
[2,2,2,2,2,1,2,2,1,2,1,2,2,2,2,2,2,2,2,2]
[-0.13899766,0.3020208,2.3760724,-0.14462006,0.3476813,2.3432262,-0.1634336,0.5847686,2.200582,-0.17466618,0.7210113,2.0601141,-0.26393953,0.5658777,2.2438493,-0.28630504,0.5523242,2.0166495,-0.2697581,0.48856914,1.7526776,-0.258733,0.4492587,1.6277256,-0.0452849,0.60989356,2.2440777,0.027128858,0.60114473,2.0345962,-0.19874732,0.5792048,1.921431,-0.2902029,0.57524997,1.8648247,-0.1854918,0.24749199,2.389978,-0.19077656,-0.138058,2.4402194,-0.1937923,-0.4804058,2.4096332,-0.23288491,-0.54826033,2.3869143,-0.08563162,0.26604426,2.4188142,-0.07901888,-0.12373866,2.4265242,-0.08818717,-0.4819279,2.3815422,-0.049729545,-0.539151,2.353631]
[2,2,2,2,2,1,2,2,2,2,1,2,2,2,2,2,2,2,2,2]
[-0.13852842,0.30376524,2.3756886,-0.14372365,0.34967443,2.3434083,-0.1608844,0.58778995,2.204201,-0.17394334,0.72374666,2.0643084,-0.26997918,0.56217575,2.254548,-0.2845318,0.54850906,2.0204034,-0.2684558,0.4901938,1.7572093,-0.25839573,0.45358706,1.6289594,-0.0391596,0.5835984,2.2745597,0.022939228,0.6141934,2.0638144,-0.19837612,0.5814261,1.9218293,-0.29370987,0.58131576,1.8743669,-0.18550117,0.24801283,2.3889124,-0.19100103,-0.13813603,2.4409056,-0.19386236,-0.48057875,2.4101257,-0.23007193,-0.54757684,2.3869042,-0.08479748,0.26687595,2.4187937,-0.0790885,-0.1236448,2.4270108,-0.08871625,-0.48201108,2.3820214,-0.050135907,-0.53802454,2.3533573]
[2,2,2,2,2,1,2,2,2,2,1,2,2,2,2,2,2,2,2,2]
[-0.13820411,0.30498347,2.3754313,-0.14310326,0.3510379,2.343561,-0.15912618,0.59020686,2.2070038,-0.17329854,0.7257649,2.0675943,-0.2733947,0.55973804,2.2609735,-0.28208727,0.543971,2.0233638,-0.2669453,0.4908445,1.7605978,-0.25789267,0.457216,1.6304586,-0.036967505,0.57471603,2.2850368,0.021522813,0.6199565,2.0759716,-0.19760299,0.58384866,1.9236252,-0.29060158,0.585419,1.8847774,-0.18560378,0.24832518,2.3880982,-0.19115253,-0.13819812,2.4414136,-0.1938914,-0.48079276,2.4105506,-0.22789428,-0.547062,2.386821,-0.08405213,0.26730812,2.4187317,-0.07913893,-0.12359158,2.4273927,-0.089061335,-0.48209587,2.3823605,-0.05048794,-0.53733695,2.353112]
[2,2,2,2,2,1,2,2,2,2,1,2,2,2,2,2,2,2,2,2]
[-0.13796817,0.30586258,2.3752484,-0.14266792,0.35199612,2.3436894,-0.15795493,0.59220356,2.2091691,-0.17291379,0.72728425,2.070372,-0.27559406,0.557888,2.2657266,-0.27959847,0.5396631,2.0259638,-0.26531953,0.49091563,1.7635278,-0.2572543,0.46025947,1.6320902,-0.035514135,0.5693525,2.291563,0.020398816,0.6226359,2.0815299,-0.1966727,0.5861944,1.9261265,-0.28550228,0.58775234,1.892962,-0.18581147,0.24845037,2.3874812,-0.19129525,-0.1382461,2.4418035,-0.19390526,-0.48100036,2.410904,-0.22622348,-0.5466651,2.3867142,-0.083389066,0.26737624,2.4186463,-0.07917288,-0.123571716,2.427697,-0.0893169,-0.48216033,2.3826098,-0.05074458,-0.5368775,2.3529654]
[2,2,2,2,2,1,2,2,2,1,1,2,2,2,2,2,2,2,2,2]
[-0.13778971,0.30638692,2.3751733,-0.14232183,0.35267708,2.3438516,-0.15716821,0.59378403,2.2108345,-0.17254364,0.72935045,2.0727117,-0.27702916,0.5563212,2.2692645,-0.2773527,0.5358497,2.0281374,-0.263785,0.49067792,1.7659379,-0.2566002,0.46273738,1.6336423,-0.035039052,0.56646377,2.2946107,0.020220118,0.62511486,2.0858,-0.19487602,0.58934927,1.9295355,-0.27796268,0.5905966,1.8995506,-0.18609515,0.24839571,2.3871474,-0.19141799,-0.13828589,2.4420986,-0.19389813,-0.48120502,2.4111934,-0.22495253,-0.54637706,2.3866153,-0.08265387,0.26705152,2.4185078,-0.07919331,-0.12357099,2.4279487,-0.089487806,-0.48220947,2.3827882,-0.05092564,-0.53656477,2.3528478]
[2,2,2,2,2,1,2,2,2,1,1,2,2,2,2,2,2,2,2,2]
[-0.1376663,0.30660498,2.3751986,-0.14204696,0.35313168,2.3440547,-0.15657823,0.59513634,2.2121925,-0.1722697,0.73134524,2.0747802,-0.27792472,0.55518514,2.2717764,-0.27542698,0.5327898,2.0298462,-0.26235548,0.49033952,1.7678438,-0.2558634,0.46480352,1.6351833,-0.035570927,0.5664424,2.293855,0.020408787,0.62705386,2.0888042,-0.19314727,0.59215695,1.9325953,-0.2720855,0.5925181,1.9034579,-0.18641773,0.24823366,2.3869567,-0.19149137,-0.13830861,2.4423199,-0.19387336,-0.48138607,2.4114375,-0.2241461,-0.5461594,2.3866136,-0.08201197,0.26656872,2.4183908,-0.07918659,-0.12358303,2.4281693,-0.0895951,-0.48226622,2.3829298,-0.051061053,-0.53636885,2.3527293]
[2,2,2,2,2,1,2,2,2,1,1,2,2,2,2,2,2,2,2,2]
[-0.13759401,0.30660102,2.3753119,-0.14183697,0.35341293,2.3443,-0.15619095,0.5962243,2.2132208,-0.17194985,0.73341006,2.0765493,-0.27857247,0.5545437,2.273376,-0.2738744,0.53044546,2.031132,-0.26112375,0.4900377,1.7692792,-0.25506958,0.4665866,1.636726,-0.036544032,0.5699886,2.2897353,0.021481903,0.6295292,2.0908563,-0.19088243,0.59597623,1.935375,-0.26583663,0.595789,1.905333,-0.18683554,0.2479788,2.3869848,-0.19157563,-0.13832122,2.4425056,-0.1938429,-0.48155907,2.411643,-0.22355664,-0.546001,2.3866134,-0.081463255,0.26602307,2.4182785,-0.07917098,-0.123629645,2.4283843,-0.08965701,-0.48232266,2.3830397,-0.051166024,-0.5362459,2.3526194]
[2,2,2,2,1,1,2,2,2,1,1,2,2,2,2,2,2,2,2,2]
[-0.13757826,0.3063998,2.3755376,-0.14168303,0.3535495,2.3446126,-0.15590756,0.59725714,2.2140493,-0.17165154,0.7352421,2.0778997,-0.27902266,0.5540808,2.274552,-0.2726183,0.52869093,2.0321136,-0.26003253,0.48976177,1.7704009,-0.2542587,0.46805394,1.6381872,-0.037229102,0.57397306,2.2857225,0.025697194,0.6294617,2.0913553,-0.18900675,0.5968759,1.9392433,-0.26138806,0.59385604,1.9099169,-0.18743369,0.2476191,2.3872967,-0.1916817,-0.13832262,2.4426699,-0.19381331,-0.48173833,2.411829,-0.22312424,-0.54588866,2.3866093,-0.080999985,0.26544067,2.418184,-0.07913657,-0.12368144,2.4285936,-0.08967947,-0.48238435,2.3831255,-0.051378325,-0.53611434,2.3520827]
[2,2,2,2,1,1,2,2,2,2,1,2,2,2,2,2,2,2,2,2]
[-0.13759097,0.30612516,2.375842,-0.14156424,0.3535987,2.3450005,-0.15569001,0.59810513,2.2147183,-0.17086576,0.7367586,2.079509,-0.25952342,0.57371014,2.2429242,-0.2874047,0.5632875,2.027694,-0.2615746,0.49775407,1.7728112,-0.25331327,0.46924755,1.6394683,-0.036867037,0.57622945,2.284326,0.028332014,0.62902707,2.0919888,-0.18762095,0.59727514,1.942518,-0.25857615,0.5921388,1.9128766,-0.18789929,0.24741215,2.3876057,-0.1918223,-0.13831586,2.4428267,-0.19377768,-0.4819805,2.4120321,-0.2228098,-0.54581714,2.38661,-0.08068574,0.26496494,2.4181643,-0.07907814,-0.1237451,2.4288282,-0.08973691,-0.48241395,2.3832178,-0.05155534,-0.5359435,2.351813]
[2,2,2,2,2,1,2,2,2,2,1,2,2,2,2,2,2,2,2,2]
